structure(list(Price = c(162913L, 45004L, 157430L, 113740L, 146609L, 
240590L, 148585L, 155414L, 224928L, 45904L, 75399L, 107743L, 
120279L, 218475L, 251259L, 196846L, 199990L, 283851L, 189654L, 
173723L, 69876L, 153129L, 103633L, 186605L, 237062L, 157411L, 
164419L, 158863L, 250723L, 149756L, 263226L, 125029L, 326330L, 
60309L, 240857L, 159313L, 54210L, 479670L, 167319L, 99045L, 119840L, 
103256L, 285769L, 135708L, 138914L, 227994L, 64174L, 297174L, 
88770L, 126010L, 31113L, 218184L, 185318L, 237583L, 111239L, 
110182L, 101227L, 140945L, 205950L, 187026L, 209555L, 161118L, 
252872L, 146626L, 220765L, 162006L, 114238L, 115771L, 92519L, 
231749L, 122221L, 394532L, 104267L, 101230L, 119166L, 181979L, 
187104L, 251699L, 157370L, 249250L, 115649L, 213048L, 26049L, 
233876L, 121680L, 107919L, 119389L, 108794L, 93846L, 150022L, 
205498L, 253973L, 171171L, 256417L, 98389L, 189665L, 90446L, 
142057L, 111353L, 175784L, 120476L, 185487L, 108958L, 185902L, 
118007L, 235105L, 229180L, 128040L, 95260L, 149078L, 143294L, 
578856L, 244124L, 168497L, 160571L, 199187L, 200940L, 212846L, 
127740L, 99903L, 118517L, 183066L, 196512L, 210672L, 116170L, 
228375L, 114519L, 150798L, 79982L, 49564L, 217797L, 83617L, 75094L, 
104749L, 112509L, 137606L, 146981L, 207237L, 112825L, 120192L, 
102068L, 81762L, 216530L, 103677L, 179492L, 99574L, 143808L, 
98423L, 197105L, 230414L, 263938L, 167693L, 221263L, 157055L, 
148692L, 130490L, 99491L, 169647L, 207751L, 309808L, 154238L, 
108785L, 154723L, 220776L, 144571L, 166222L, 147625L, 158338L, 
136499L, 101375L, 182649L, 148231L, 145123L, 76342L, 107513L, 
236829L, 268260L, 332888L, 208339L, 228806L, 114070L, 233714L, 
67951L, 391842L, 130239L, 91672L, 178216L, 191790L, 112649L, 
354739L, 98652L, 148401L, 166888L, 509488L, 147412L, 180927L, 
88207L, 248204L, 75862L, 208610L), Living.Area = c(2048.815, 
997.815, 1129.815, 1957.815, 2026.815, 3038.815, 1771.815, 2347.815, 
2222.815, 1365.815, 1025.815, 1265.815, 1093.815, 2785.815, 1969.815, 
2181.815, 2048.815, 2383.815, 1371.815, 1585.815, 1013.815, 1597.815, 
1351.815, 2365.815, 2641.815, 1703.815, 1822.815, 1733.815, 2527.815, 
1507.815, 3392.815, 1873.815, 1363.815, 2076.815, 1482.815, 1598.815, 
829.815, 3993.815, 2125.815, 974.815, 1448.815, 1529.815, 3162.815, 
1497.815, 1613.815, 2010.815, 709.815, 2785.815, 1037.815, 901.815, 
1577.815, 2692.815, 1537.815, 2799.815, 949.815, 1517.815, 1791.815, 
1910.815, 1511.815, 1868.815, 2576.815, 1924.815, 2649.815, 1598.815, 
2095.815, 1693.815, 1201.815, 1516.815, 1405.815, 2017.815, 1477.815, 
3398.815, 1093.815, 1069.815, 949.815, 1859.815, 2077.815, 3118.815, 
1693.815, 2641.815, 1459.815, 2059.815, 1381.815, 2471.815, 1449.815, 
1093.815, 1401.815, 1501.815, 1422.815, 1669.815, 3106.815, 2501.815, 
1859.815, 2789.815, 1221.815, 2240.815, 1237.815, 989.815, 1285.815, 
1874.815, 1157.815, 2308.815, 1551.815, 2793.815, 1731.815, 2336.815, 
2347.815, 1725.815, 1517.815, 1629.815, 1955.815, 2509.815, 2383.815, 
1925.815, 1649.815, 2260.815, 1153.815, 2307.815, 1517.815, 1397.815, 
1629.815, 1873.815, 1465.815, 1801.815, 1309.815, 2549.815, 1465.815, 
1249.815, 1609.815, 1400.815, 1423.815, 1309.815, 765.815, 1889.815, 
1175.815, 1545.815, 1869.815, 2693.815, 1351.815, 1441.815, 1209.815, 
1045.815, 2425.815, 1412.815, 2067.815, 1665.815, 1609.815, 1392.815, 
1931.815, 2660.815, 2678.815, 1913.815, 2037.815, 1873.815, 1434.815, 
1632.815, 1101.815, 1467.815, 2665.815, 2307.815, 2021.815, 1517.815, 
1981.815, 2458.815, 1549.815, 1535.815, 1705.815, 1873.815, 1189.815, 
1857.815, 1795.815, 1512.815, 1573.815, 933.815, 1045.815, 2509.815, 
2694.815, 3148.815, 2146.815, 2614.815, 1135.815, 2375.815, 1077.815, 
3040.815, 1089.815, 966.815, 1549.815, 2341.815, 1387.815, 4019.815, 
1195.815, 1893.815, 1777.815, 3567.815, 1858.815, 2087.815, 1517.815, 
1945.815, 1032.815, 1789.815), DistanceC = c(23.4906341060996, 
13.8286516219378, 9.08296062238514, 19.9760985523462, 3.95834971964359, 
24.0190797299147, 1.77980780787766, 7.2325404137373, 22.0343260336667, 
21.2949872612953, 1.40449367649853, 5.40738089196384, 3.78021113760769, 
12.4819508921355, 23.7933971993625, 20.8177045732737, 20.4774090386927, 
22.9776863250881, 17.8039664775133, 2.99292570538819, 3.83382724411786, 
20.047591727227, 24.9050520472229, 17.5848556440324, 4.53614036180079, 
8.62834762968123, 4.74349339678884, 24.8860851470381, 18.9574545491487, 
10.4329441636801, 14.2333917543292, 1.70584123954177, 9.07124805822968, 
21.6011002324522, 4.05011526495218, 19.9958675000817, 3.34916541911662, 
1.4596831612289, 7.62453807517886, 10.8676457442343, 2.6008438616991, 
20.1167575437576, 13.1518058329821, 13.4469716530293, 17.9310388341546, 
20.9588579908013, 2.46151432394981, 9.084058618173, 20.2537831030786, 
7.80406085588038, 20.5570514574647, 6.16199472732842, 14.3236681427807, 
1.37266483530402, 2.2645195890218, 15.3677747640759, 17.9989755172282, 
16.6825758367777, 14.8579352442175, 17.2788527943194, 6.03946928493679, 
6.68752251565456, 11.9620064236224, 9.16363184712827, 10.6222644671798, 
11.3606132809073, 23.9289534557611, 6.33469772338867, 9.76745903305709, 
22.179408730939, 13.6483950391412, 15.0571052841842, 7.18389128893614, 
21.8528558686376, 8.50967095606029, 17.1486437954009, 15.8587047830224, 
10.6845795027912, 10.7056034170091, 24.0960635989904, 8.55994286201894, 
1.38089914992452, 4.85552440583706, 6.5021512452513, 10.347754271701, 
21.3782359492034, 18.6793321222067, 17.196334304288, 3.58051111549139, 
2.4258103556931, 24.067850548774, 18.5127759389579, 12.7732952851802, 
22.1430095788091, 14.9014867581427, 17.6640813257545, 22.8649820648134, 
21.1085488013923, 13.3453148920089, 16.037974698469, 20.084686672315, 
23.6515260674059, 2.06355397775769, 19.0835921503603, 17.4333768840879, 
15.937054047361, 24.8439040016383, 16.2556656487286, 16.7421829532832, 
18.4587338753045, 15.0444496553391, 14.8065431136638, 1.8329741191119, 
19.8885413259268, 5.34287092648447, 5.03985048085451, 12.5306041352451, 
6.82106537744403, 9.22231260687113, 18.2155573125929, 21.9002153873444, 
7.09616991691291, 20.0223238710314, 14.7156154233962, 13.7309567183256, 
19.8291073571891, 23.2478035651147, 15.9204484187067, 16.5002292655408, 
11.4254550915211, 11.371590366587, 24.4026828706264, 8.38621396571398, 
11.972030794248, 17.9587554242462, 20.4647403787822, 8.36113835684955, 
17.2733331602067, 19.8231828827411, 21.6438754759729, 15.8385630585253, 
5.5246750600636, 22.7185588665307, 1.77032268978655, 19.9045742359012, 
21.5055999290198, 20.2618375364691, 5.03190278820693, 8.88825969584286, 
5.78475560806692, 8.86045211181045, 10.1346245519817, 13.1273868959397, 
4.02412552572787, 2.81153069809079, 12.3852217905223, 7.3501490931958, 
6.53790575638413, 15.3087852764875, 4.81421389430761, 21.5213161092252, 
6.69889109767973, 20.1306807678193, 2.88365420326591, 14.0055071804672, 
18.2066708691418, 1.9787040669471, 1.61441074684262, 18.7747943494469, 
19.4835775922984, 13.92827655375, 10.315274592489, 12.2660248745233, 
3.93967563286424, 21.1453409418464, 7.41689282469451, 5.6824262663722, 
7.03120378032327, 10.3391897827387, 21.2463905289769, 24.5343383513391, 
8.35167266242206, 7.49000267311931, 15.9505023304373, 15.9724432304502, 
2.33896525017917, 18.8912130445242, 8.46012068167329, 2.02039436809719, 
14.6152610424906, 1.39349878765643, 22.0207670647651, 13.6596050523221, 
3.62695254758, 20.3740967791528, 20.4178538508713, 1.2642250303179, 
17.4017752148211, 11.5673738606274, 22.6740424837917),