structure(list(Price = c(119784L, 203240L, 110770L, 269063L, 
236215L, 201928L, 137508L, 175514L, 242952L, 189654L, 178760L, 
249250L, 218517L, 89955L, 60309L, 205397L, 85560L, 130239L, 189108L, 
78191L, 68353L, 79982L, 214749L, 140945L, 235152L, 263226L, 115566L, 
111394L, 432845L, 206931L, 155787L, 65550L, 104556L, 103633L, 
112509L, 198622L, 217868L, 308253L, 94064L, 191746L, 88092L, 
190444L, 173102L, 132138L, 125361L, 159786L, 366772L, 202836L, 
150502L, 271791L, 198969L, 111436L, 261647L, 178767L, 114238L, 
136192L, 177452L, 213249L, 151950L, 107411L, 578856L, 236055L, 
51183L, 182068L, 283851L, 160635L, 115659L, 116795L, 134933L, 
121798L, 167145L, 126082L, 254327L, 228904L, 75094L, 92519L, 
160692L, 189995L, 196875L, 86651L, 200510L, 85585L, 114827L, 
114326L, 153129L, 231749L, 117287L, 140765L, 139418L, 200940L, 
94868L, 99311L, 150772L, 198622L, 131165L, 110182L, 238792L, 
155713L, 278936L, 270841L, 237367L, 112153L, 355529L, 161190L, 
118007L, 184515L, 114070L, 110963L, 318121L, 40932L, 297380L, 
111633L, 130782L, 163992L, 87852L, 105363L, 181140L, 102003L, 
160571L, 311709L, 261031L, 161118L, 154432L, 106524L, 167975L, 
235620L, 262461L, 177539L, 72189L, 71904L, 137220L, 111353L, 
260485L, 236936L, 599701L, 54210L, 148585L, 357384L, 138424L, 
154238L, 94667L, 159843L, 219262L, 325262L, 50483L, 228375L, 
171171L, 175084L, 64174L, 171885L, 132088L, 98333L, 160349L, 
96958L, 147634L, 233876L, 133067L, 188497L, 244382L, 259999L, 
120192L, 136551L, 104267L, 93174L, 110115L, 180817L, 308750L, 
109042L, 111221L, 185902L, 279083L, 239301L, 284154L, 126010L, 
115771L, 287360L, 115649L, 98389L, 168739L, 110234L, 170345L, 
104371L, 149933L, 179572L, 232219L, 152404L, 181399L, 166888L, 
155488L, 142212L, 240890L, 222330L, 101230L, 227994L, 250976L, 
104984L, 225742L, 145123L, 207347L, 116938L), Living.Area = c(1572.595, 
2476.595, 923.595, 3331.595, 1404.595, 2334.595, 1176.595, 2322.595, 
1720.595, 1346.595, 2026.595, 2616.595, 2050.595, 1228.595, 2051.595, 
2437.595, 2080.595, 1598.595, 2109.595, 1092.595, 1228.595, 1584.595, 
2298.595, 1885.595, 3204.595, 3367.595, 1196.595, 1284.595, 3262.595, 
2343.595, 1552.595, 1208.595, 1685.595, 1326.595, 1150.595, 1628.595, 
3356.595, 2892.595, 924.595, 1678.595, 1584.595, 1848.595, 1908.595, 
1480.595, 1185.595, 1573.595, 3212.595, 2080.595, 1680.595, 2827.595, 
1950.595, 1392.595, 1862.595, 2303.595, 1176.595, 1635.595, 2414.595, 
1916.595, 1804.595, 852.595, 2484.595, 2417.595, 1156.595, 2047.595, 
2358.595, 1348.595, 1254.595, 1416.595, 1508.595, 1320.595, 1864.595, 
1604.595, 2553.595, 1836.595, 740.595, 1293.595, 1512.595, 2162.595, 
2098.595, 1152.595, 1818.595, 924.595, 1344.595, 1065.595, 1572.595, 
1992.595, 1052.595, 1608.595, 1308.595, 1128.595, 1392.595, 702.595, 
1664.595, 1983.595, 1576.595, 1492.595, 2262.595, 3547.595, 3133.595, 
2318.595, 2948.595, 1846.595, 2198.595, 1770.595, 1706.595, 1484.595, 
1110.595, 1900.595, 2904.595, 1332.595, 2918.595, 1576.595, 1286.595, 
2322.595, 988.595, 1112.595, 2322.595, 1196.595, 1624.595, 3040.595, 
2292.595, 1899.595, 1656.595, 1320.595, 2323.595, 2119.595, 2517.595, 
1540.595, 1606.595, 969.595, 1302.595, 1260.595, 2155.595, 2512.595, 
5126.595, 804.595, 1746.595, 2334.595, 1685.595, 1996.595, 924.595, 
1362.595, 2339.595, 3508.595, 755.595, 2524.595, 1834.595, 2226.595, 
684.595, 1562.595, 1380.595, 924.595, 1744.595, 1256.595, 876.595, 
2446.595, 1338.595, 1754.595, 2584.595, 2589.595, 1416.595, 1892.595, 
1068.595, 796.595, 1397.595, 1827.595, 2970.595, 892.595, 1068.595, 
2768.595, 1920.595, 2631.595, 2820.595, 876.595, 1491.595, 3145.595, 
1434.595, 1196.595, 1632.595, 1664.595, 1964.595, 1475.595, 1676.595, 
1748.595, 2553.595, 1520.595, 1854.595, 1752.595, 1759.595, 1994.595, 
1933.595, 2724.595, 1044.595, 1985.595, 2406.595, 1108.595, 2228.595, 
1548.595, 2131.595, 1000.595), DistanceC = c(16.6906594056636, 
11.0712216645479, 8.78367293998599, 12.0793877691031, 7.32350606843829, 
24.7194963637739, 17.3469819203019, 1.94584669917822, 4.48644403554499, 
23.7554605882615, 21.4673527572304, 18.7949335929006, 3.09055770002306, 
4.04344394057989, 6.59946673922241, 11.2205601111054, 4.32473389990628, 
3.16575664281845, 4.5638358797878, 19.2380844224244, 16.7028116900474, 
8.25360994972289, 8.99186337739229, 13.2508355658501, 23.6284292750061, 
7.8468611612916, 20.4751739092171, 10.0335282608867, 15.3817803431302, 
7.37335234135389, 23.8519273586571, 16.8726838435978, 6.67097896896303, 
14.6259246170521, 4.5057110581547, 12.6827138178051, 2.57563824951649, 
21.1016716118902, 20.6447162684053, 7.22648329287767, 7.73906650580466, 
16.8181368149817, 15.7329974584281, 5.81834037415683, 22.4711132384837, 
11.4100146200508, 9.28077304549515, 9.70669288933277, 22.1699487026781, 
11.3664662186056, 11.3471790738404, 19.501639213413, 10.0658111888915, 
12.185787614435, 6.29946906492114, 19.2121106088161, 5.33168447762728, 
6.57942327857018, 24.3249091692269, 9.47501389496028, 12.8255946505815, 
20.9955999124795, 21.2441372219473, 8.84939875639975, 11.9362662304193, 
10.6309473756701, 6.68772710114717, 24.8643276598305, 2.41637965291739, 
23.5004236884415, 20.8521192930639, 7.60749481618404, 1.19275492243469, 
10.7035349309444, 19.2411424648017, 17.7280061841011, 16.0476758573204, 
12.3184735830873, 2.22505371086299, 22.7529277764261, 1.11416940577328, 
24.2137458771467, 13.7783742565662, 14.8324161097407, 10.7155326697975, 
7.19122120738029, 4.81038714759052, 9.80974934995174, 3.82523700594902, 
7.26584371551871, 3.13998218439519, 4.17896707728505, 23.409695347771, 
23.4972330331802, 6.7876649517566, 20.0274273436517, 15.2481863964349, 
9.90026811510324, 22.9387345202267, 7.13316251337528, 15.3811162225902, 
21.8516408279538, 1.99043299816549, 6.24699404835701, 11.7579265106469, 
5.84511274285614, 19.3233374413103, 23.0565057583153, 13.4339544009417, 
19.6965271290392, 10.6689886711538, 3.31980308704078, 17.0593258719891, 
18.5794085152447, 15.6534434687346, 4.41476711817086, 8.33035614155233, 
2.884541740641, 13.4542392212898, 19.9676266498864, 3.07325765863061, 
17.1111135780811, 22.636007944122, 24.9082929771394, 9.31779592297971, 
23.5724270809442, 5.64583151973784, 11.5971796792001, 11.2556021772325, 
19.0398204550147, 6.33539065532386, 14.4270136617124, 7.74330022186041, 
16.0855540297925, 4.61497453600168, 13.2565330471843, 7.01391628943384, 
19.0309924669564, 23.1348980721086, 1.72857412323356, 7.66957704722881, 
21.200531359762, 14.4761600065976, 12.7314339093864, 20.010553041473, 
11.063965043053, 3.7698085308075, 19.9825501590967, 2.40719224885106, 
11.498760221526, 17.6193221192807, 12.1048771813512, 11.5157295353711, 
13.1256536971778, 18.0243326351047, 2.92795139364898, 6.7423280030489, 
7.38520048558712, 13.5464108418673, 23.8214803021401, 1.41142016276717, 
3.22396012023091, 21.0614934563637, 23.6330515425652, 24.9555480014533, 
22.2286884877831, 21.7009182497859, 14.0608817767352, 16.7590196598321, 
17.3406246714294, 4.52199060842395, 22.5727843884379, 2.66795773804188, 
19.4215394891798, 18.9179116971791, 15.7123919129372, 8.29528373293579, 
20.7436269000173, 4.56701509095728, 1.61150858551264, 6.33960780315101, 
19.4148959591985, 2.80771903321147, 3.74953448399901, 1.93570327758789, 
7.56787903606892, 22.2467745617032, 19.864225525409, 2.34880549833179, 
14.2152326852083, 21.165124155581, 10.1080482471734, 20.85344215855, 
13.301229506731, 7.24515990540385, 14.373486481607, 2.74242389574647, 
20.8689626380801, 12.6806681640446, 23.4502355009317),