structure(list(Price = c(109633L, 167319L, 104984L, 170534L, 
109259L, 86651L, 312434L, 140765L, 125920L, 180032L, 180670L, 
164623L, 160426L, 128717L, 50483L, 155414L, 98389L, 277828L, 
379678L, 161190L, 135167L, 244441L, 102086L, 85585L, 210743L, 
304045L, 101375L, 175514L, 166335L, 238951L, 131411L, 205947L, 
148989L, 104084L, 209371L, 103633L, 116321L, 104328L, 178140L, 
183610L, 296708L, 118585L, 88207L, 277235L, 345364L, 210081L, 
329221L, 259999L, 198622L, 200793L, 114827L, 124939L, 379472L, 
119751L, 202800L, 113514L, 112400L, 116938L, 242955L, 76342L, 
129609L, 173102L, 161923L, 204643L, 104556L, 285500L, 89893L, 
107743L, 126049L, 147412L, 198622L, 112825L, 152491L, 69814L, 
81762L, 102405L, 206480L, 87852L, 168739L, 67951L, 256417L, 201616L, 
286474L, 129155L, 432845L, 142420L, 197105L, 93895L, 148246L, 
166222L, 161473L, 126010L, 282655L, 155787L, 312448L, 91672L, 
65615L, 171171L, 124013L, 115248L, 225742L, 101708L, 163728L, 
160007L, 238792L, 45904L, 140510L, 111239L, 159920L, 44873L, 
139079L, 139079L, 128040L, 184109L, 93200L, 394532L, 156679L, 
91672L, 112649L, 254944L, 233876L, 208743L, 157476L, 105363L, 
135708L, 147440L, 105363L, 244382L, 334556L, 103256L, 217797L, 
187003L, 72189L, 224818L, 137044L, 238951L, 318121L, 89893L, 
143294L, 176846L, 94486L, 237367L, 240590L, 240890L, 139435L, 
110770L, 218475L, 163992L, 243276L, 154829L, 170600L, 100839L, 
121680L, 110963L, 162913L, 102806L, 104339L, 93815L, 128273L, 
244124L, 111534L, 246976L, 133688L, 452745L, 169124L, 218734L, 
233876L, 326330L, 194880L, 216018L, 189836L, 74422L, 228619L, 
77650L, 134171L, 84291L, 236936L, 310696L, 150772L, 308253L, 
206415L, 189912L, 135820L, 147517L, 126498L, 189736L, 263938L, 
152786L, 391842L, 212830L, 282289L, 226705L, 198622L, 127740L, 
133199L, 255303L, 200126L, 247520L, 119858L, 156820L), Living.Area = c(750.265, 
2063.265, 1071.265, 1795.265, 1214.265, 1115.265, 3415.265, 1571.265, 
1580.265, 2041.265, 2285.265, 1747.265, 2237.265, 1190.265, 718.265, 
2285.265, 1159.265, 2963.265, 3695.265, 1733.265, 1585.265, 2371.265, 
1277.265, 887.265, 2095.265, 2935.265, 935.265, 2450.265, 1639.265, 
2616.265, 1487.265, 1199.265, 767.265, 1145.265, 2059.265, 1289.265, 
1461.265, 873.265, 2175.265, 2545.265, 3185.265, 911.265, 1455.265, 
2925.265, 3283.265, 1571.265, 2909.265, 2552.265, 1591.265, 1915.265, 
1307.265, 1653.265, 3415.265, 1455.265, 2225.265, 1117.265, 1350.265, 
963.265, 1929.265, 871.265, 1610.265, 1871.265, 1431.265, 1718.265, 
1648.265, 3303.265, 1455.265, 1159.265, 1243.265, 1796.265, 1946.265, 
1289.265, 1850.265, 815.265, 983.265, 1655.265, 2285.265, 1245.265, 
1595.265, 1015.265, 2727.265, 2094.265, 2033.265, 1235.265, 3225.265, 
1991.265, 1869.265, 935.265, 1366.265, 1473.265, 1535.265, 1735.265, 
2906.265, 1515.265, 2894.265, 904.265, 899.265, 1797.265, 1499.265, 
1675.265, 2191.265, 1467.265, 1786.265, 1640.265, 2225.265, 1303.265, 
1565.265, 887.265, 1769.265, 857.265, 1694.265, 1375.265, 1463.265, 
1895.265, 899.265, 3336.265, 1886.265, 1367.265, 1325.265, 2554.265, 
2409.265, 1779.265, 1639.265, 1075.265, 1435.265, 1565.265, 839.265, 
2547.265, 3351.265, 1467.265, 1361.265, 1843.265, 1569.265, 2713.265, 
1327.265, 2616.265, 2867.265, 935.265, 1335.265, 2224.265, 1125.265, 
2911.265, 2976.265, 1896.265, 1641.265, 886.265, 2723.265, 2285.265, 
3246.265, 1415.265, 1703.265, 1455.265, 1387.265, 1543.265, 1986.265, 
1455.265, 1265.265, 1159.265, 1318.265, 2321.265, 1007.265, 1627.265, 
1755.265, 1739.265, 2551.265, 2194.265, 2409.265, 1301.265, 2253.265, 
1191.265, 1701.265, 2683.265, 2502.265, 1595.265, 2108.265, 899.265, 
2475.265, 2818.265, 1627.265, 2855.265, 2651.265, 2291.265, 1450.265, 
1655.265, 695.265, 2563.265, 2616.265, 1553.265, 2978.265, 2241.265, 
2992.265, 2485.265, 1999.265, 1455.265, 1691.265, 2217.265, 1665.265, 
2420.265, 1451.265, 1695.265), DistanceC = c(4.01372268423438, 
4.84664270654321, 18.2514606975019, 17.4173142742366, 11.9048491194844, 
13.6603861674666, 10.1578191611916, 7.50149791687727, 5.56504591554403, 
19.8372495099902, 7.18728229962289, 9.61486228369176, 20.7091752383858, 
17.3077323343605, 17.3408687189221, 9.3981832973659, 2.72281864099205, 
14.9151858277619, 9.4282253459096, 16.8105726279318, 13.9146290495992, 
7.47142319567502, 8.23187542334199, 23.3914283085614, 20.826663704589, 
22.2094035446644, 17.1855590716004, 4.75742054358125, 24.0728863906115, 
18.1136649306864, 10.0117194652557, 24.6058359183371, 15.8481842875481, 
14.3278177715838, 2.92304299026728, 13.5317389015108, 14.2081066872925, 
18.2828692644835, 21.4135061092675, 21.7954251971096, 11.5379095375538, 
18.8451511170715, 16.6875429861248, 6.55384520255029, 12.8184503242373, 
22.0243884213269, 6.84877785481513, 9.54387330263853, 3.51344360224903, 
3.9157621525228, 19.2053482625633, 14.2865362558514, 13.465328367427, 
16.4965661112219, 16.053336340934, 12.8476708345115, 21.6357390228659, 
18.3457133378834, 14.3163916002959, 24.1003890298307, 21.3816430028528, 
1.84283016994596, 2.27314561232924, 14.4288200680166, 4.41444101184607, 
6.93328007310629, 24.4064024854451, 4.55220363661647, 17.0750713665038, 
22.2251154221594, 3.17923760972917, 8.57763917185366, 7.834810834378, 
20.7856427039951, 21.5920552313328, 2.24202482402325, 5.60003254935145, 
8.49109799973667, 7.8561654035002, 23.5196946840733, 2.50791799277067, 
17.8975524380803, 23.9142877627164, 22.7274244446307, 22.0871979948133, 
21.6931612342596, 14.0986920893192, 8.90987030975521, 8.41353908739984, 
7.29896183311939, 14.7055092006922, 21.9188352096826, 2.24836019054055, 
12.1914320606738, 13.6367906518281, 3.52958951145411, 19.0031698625535, 
3.77529867179692, 18.8734142240137, 17.2931194864213, 3.74348296783864, 
1.99476845376194, 8.73973781429231, 6.70893170684576, 21.8693246766925, 
15.4167805444449, 2.57754124328494, 15.6765459161252, 18.3038408868015, 
23.2853611465544, 21.5914044715464, 2.3469258453697, 16.7068701181561, 
5.07539301365614, 22.0596985127777, 17.3640796337277, 2.3706938046962, 
5.89144911617041, 10.1258831154555, 16.5933421123773, 12.2962974533439, 
5.55020951665938, 3.53328243270516, 1.63246703147888, 10.7860437761992, 
17.787002550438, 24.0555484741926, 3.40523525513709, 7.87288115359843, 
24.7576272059232, 5.02800877392292, 21.3455337975174, 10.7352151889354, 
1.08296388201416, 23.5451221931726, 7.63038194365799, 17.483954757452, 
6.53137987479568, 9.78220403566957, 22.2520988192409, 19.1539463642985, 
11.3024166766554, 1.37592997215688, 2.01550860702991, 23.7621194347739, 
14.2728413324803, 4.34783549234271, 12.0097416527569, 18.3253739345819, 
10.8533544261009, 5.50632434152067, 11.2780631184578, 4.59387463144958, 
5.00321370735765, 16.3949560765177, 11.7243457455188, 3.3450508993119, 
4.83715873397887, 19.7737148627639, 11.5726546104997, 4.54455904476345, 
15.1999130044132, 4.8311752397567, 11.0942673552781, 17.9585456252098, 
1.59036172553897, 18.4036012366414, 4.51187574677169, 11.7393899597228, 
1.85793418064713, 12.8886297475547, 20.436334868893, 24.4050794634968, 
15.9989233613014, 22.0364248175174, 23.8667189199477, 20.90183654055, 
18.2132382802665, 17.7519734259695, 18.1045356467366, 21.8565641902387, 
24.6823955345899, 24.7144545037299, 2.49824334308505, 2.66331745497882, 
1.62492620758712, 15.4701530728489, 24.6614845748991, 12.2796651534736, 
24.2395481020212, 15.0411816295236, 11.940649010241, 24.0747310072184, 
4.90234862826765, 19.6620230358094, 2.45898615755141, 19.9638430029154, 
15.9189353622496, 8.72806661762297, 1.84608627669513),