structure(list(Price = c(295426L, 126082L, 144695L, 104371L, 
102405L, 216841L, 59003L, 261031L, 140701L, 446436L, 110963L, 
210081L, 160571L, 232894L, 116589L, 227994L, 187104L, 107743L, 
178216L, 92436L, 148989L, 162612L, 110889L, 110770L, 124013L, 
473938L, 98389L, 169407L, 101230L, 284154L, 163781L, 189654L, 
190983L, 178216L, 148246L, 210081L, 147517L, 157430L, 282289L, 
208048L, 185323L, 119937L, 311709L, 150849L, 68353L, 128273L, 
72189L, 578856L, 59043L, 254944L, 104749L, 138914L, 199900L, 
243276L, 155787L, 101708L, 108785L, 154238L, 203478L, 432845L, 
111546L, 137309L, 121279L, 113444L, 209226L, 84333L, 216018L, 
278906L, 114514L, 248204L, 166335L, 225742L, 167145L, 150505L, 
124939L, 104984L, 161839L, 112509L, 122221L, 92519L, 155488L, 
104267L, 153129L, 122082L, 107973L, 199733L, 271578L, 236215L, 
214749L, 165213L, 119751L, 234429L, 186605L, 222198L, 86651L, 
220776L, 146978L, 160571L, 294133L, 334556L, 269063L, 168739L, 
235105L, 146981L, 98632L, 166222L, 80130L, 109040L, 236819L, 
71904L, 126498L, 229761L, 106950L, 233876L, 308750L, 103258L, 
160635L, 148496L, 189836L, 100003L, 366772L, 146161L, 232934L, 
180670L, 237716L, 354739L, 253973L, 378465L, 104328L, 104984L, 
127303L, 126082L, 172016L, 93815L, 115659L, 119001L, 113740L, 
193524L, 209371L, 162006L, 150434L, 161923L, 123827L, 208253L, 
102068L, 111633L, 158789L, 217314L, 263938L, 159920L, 113371L, 
112825L, 212846L, 244382L, 251400L, 261011L, 90354L, 117703L, 
93895L, 123757L, 99903L, 100839L, 300931L, 126436L, 120279L, 
157411L, 157513L, 103861L, 189654L, 155855L, 236737L, 151917L, 
200793L, 79170L, 201876L, 149756L, 114513L, 107513L, 233876L, 
143210L, 298923L, 89893L, 115771L, 163102L, 170600L, 193497L, 
240890L, 89232L, 180288L, 357384L, 142302L, 94064L, 270841L, 
338596L, 63101L, 329328L, 181140L, 177539L, 79982L, 118409L), 
    Living.Area = c(3354.37, 1576.37, 1626.37, 1447.37, 1664.37, 
    2456.37, 3269.37, 2264.37, 1538.37, 3451.37, 1872.37, 1580.37, 
    1278.37, 2484.37, 1168.37, 1957.37, 2024.37, 1168.37, 1496.37, 
    1284.37, 776.37, 1332.37, 1250.37, 895.37, 1508.37, 764.37, 
    1168.37, 2294.37, 1265.37, 2792.37, 1108.37, 2304.37, 2072.37, 
    1496.37, 1375.37, 1992.37, 1664.37, 1076.37, 3001.37, 1860.37, 
    1646.37, 2012.37, 3012.37, 1407.37, 1200.37, 1327.37, 1578.37, 
    2456.37, 1652.37, 2563.37, 1836.37, 1560.37, 1792.37, 3255.37, 
    1524.37, 1476.37, 1464.37, 1968.37, 2746.37, 3234.37, 1544.37, 
    1076.37, 1332.37, 1640.37, 2534.37, 2027.37, 1200.37, 2944.37, 
    1498.37, 1892.37, 1648.37, 2200.37, 1836.37, 1769.37, 1083.37, 
    1080.37, 1585.37, 1122.37, 1154.37, 1352.37, 1731.37, 1040.37, 
    1544.37, 2240.37, 1372.37, 824.37, 3107.37, 2050.37, 2270.37, 
    1648.37, 1464.37, 1454.37, 2312.37, 2479.37, 1124.37, 2405.37, 
    1640.37, 1596.37, 3965.37, 3360.37, 3303.37, 1604.37, 2283.37, 
    1816.37, 1390.37, 1482.37, 1209.37, 1182.37, 2592.37, 941.37, 
    704.37, 2214.37, 1456.37, 2418.37, 2942.37, 1328.37, 1320.37, 
    1454.37, 1710.37, 1168.37, 3184.37, 968.37, 2100.37, 2294.37, 
    2980.37, 3966.37, 2448.37, 3441.37, 882.37, 1168.37, 1194.37, 
    1576.37, 1531.37, 1168.37, 1226.37, 1490.37, 1904.37, 1714.37, 
    2068.37, 1640.37, 1650.37, 1142.37, 1286.37, 2586.37, 1156.37, 
    1548.37, 3328.37, 2482.37, 2625.37, 1778.37, 1161.37, 1298.37, 
    2254.37, 2556.37, 2725.37, 2999.37, 896.37, 1476.37, 944.37, 
    1400.37, 1344.37, 1464.37, 831.37, 1200.37, 1040.37, 1650.37, 
    1894.37, 1684.37, 1318.37, 1316.37, 3223.37, 1494.37, 1924.37, 
    1520.37, 2482.37, 1454.37, 944.37, 992.37, 2418.37, 1728.37, 
    3499.37, 1464.37, 1463.37, 1536.37, 1712.37, 1932.37, 1905.37, 
    944.37, 2278.37, 2306.37, 1226.37, 1464.37, 2290.37, 1892.37, 
    1612.37, 3526.37, 2632.37, 1512.37, 1556.37, 2112.37), DistanceC = c(19.6184332892299, 
    11.5120981149375, 12.311109919101, 11.8101950418204, 6.72796783037484, 
    13.5205023735762, 6.96045895293355, 7.43134167790413, 16.5571898855269, 
    7.70754791237414, 8.07208316214383, 2.37589666433632, 5.68698195368052, 
    5.31816297024488, 14.6671526674181, 6.24530706182122, 9.88057733699679, 
    6.39189717173576, 13.9528343845159, 22.8439247570932, 20.9489872660488, 
    14.9919947609305, 4.50934739597142, 13.1734311264008, 11.1800231710076, 
    5.10246742703021, 23.9915661998093, 9.27130469121039, 19.0505337789655, 
    9.21573588065803, 14.2951302602887, 6.58120901510119, 16.0667418092489, 
    11.0502236783504, 6.87324186973274, 5.36582571826875, 10.468297092244, 
    18.8093810435385, 12.6995934005827, 2.71450127847493, 14.4861628860235, 
    5.73698605783284, 9.13188830018044, 23.7159307729453, 1.56670725718141, 
    11.1038669422269, 11.1051673777401, 21.1567922085524, 9.30644685402513, 
    6.95553360134363, 22.6725859772414, 17.207246273756, 5.60143484733999, 
    10.1165972799063, 23.6609925553203, 20.7840849272907, 20.6080543100834, 
    2.70985774882138, 24.8051291387528, 2.04736269451678, 13.730870116502, 
    22.409839425236, 19.904798893258, 16.8435715716332, 9.01345314830542, 
    3.67621823959053, 23.6575385909528, 23.7259287294, 8.9597459025681, 
    15.8700731638819, 11.5580743011087, 3.18996380828321, 1.58914783596992, 
    12.540197910741, 3.53078223392367, 1.98993254266679, 17.2215103507042, 
    16.2461270987988, 10.9339955151081, 20.0327306520194, 19.7122006341815, 
    4.85975083522499, 19.3625032696873, 19.7212354820222, 17.7386533692479, 
    13.3644250109792, 13.670351697132, 3.11455993354321, 15.9314066842198, 
    4.82278303802013, 23.6600617282093, 20.7914055027068, 18.7009840700775, 
    6.96294306404889, 9.02474360540509, 7.62609849497676, 2.21600912883878, 
    16.6912328060716, 4.67037676461041, 1.16383084654808, 18.1070381365716, 
    18.0217665489763, 16.1367529407144, 12.8301732428372, 10.8691081460565, 
    23.3028166275471, 11.3601291310042, 4.24490866065025, 16.8465045448393, 
    1.90994124114513, 18.5819735787809, 14.2944498620927, 16.2140843123198, 
    23.1116024442017, 16.2733050398529, 13.0572987794876, 19.0847579501569, 
    11.3781126439571, 1.21397534757853, 1.36437403783202, 21.7453443873674, 
    4.92012881301343, 19.2103416416794, 23.0101913399994, 21.3235348779708, 
    19.3816481679678, 14.3969894442707, 17.4192529972643, 7.92795343138278, 
    2.17981909401715, 23.7368615195155, 13.8430021330714, 3.72882607020438, 
    20.9028022922575, 2.26519842259586, 19.6694572363049, 3.04874866642058, 
    16.3172025922686, 19.8311209362, 7.34458485618234, 18.4074612874538, 
    8.46060873195529, 22.0217206794769, 10.9497887250036, 20.1321153081954, 
    14.3076835684478, 4.62218479439616, 4.27451371029019, 8.12903650663793, 
    23.9201480261981, 4.27215590327978, 1.37588974460959, 12.9477795865387, 
    23.7183679174632, 5.61317736282945, 6.25761138275266, 12.1413173098117, 
    1.49664053693414, 7.63432413712144, 5.43099171854556, 21.7789263706654, 
    23.8917628116906, 5.12170656584203, 13.2902446929365, 18.2811840046197, 
    24.6689309515059, 12.6283866018057, 14.1524985656142, 17.315182371065, 
    15.481964096427, 24.0518783852458, 20.7673780731857, 18.7176501043141, 
    9.15596980974078, 17.802010750398, 15.9491428751498, 14.8873856589198, 
    5.84661098569632, 18.5105589143932, 19.0357974600047, 16.8768145851791, 
    10.449680281803, 6.61936170049012, 5.5603213775903, 24.1741371434182, 
    4.01408201083541, 4.71715473011136, 17.8925726320595, 20.3617503140122, 
    10.0453355796635, 12.8427835926414, 16.6335236933082, 3.2694608066231, 
    18.198020381853, 2.87990987300873, 23.9165297374129, 16.2790531199425, 
    15.2790367063135, 6.37884359247983, 9.93856144882739),