structure(list(Price = c(148692L, 122257L, 142907L, 234429L, 
113514L, 77921L, 231298L, 159920L, 208610L, 143294L, 190284L, 
220765L, 212932L, 162091L, 100967L, 253433L, 140510L, 112153L, 
183066L, 148246L, 131411L, 120192L, 188497L, 199900L, 75094L, 
116321L, 103508L, 113367L, 452745L, 148401L, 111436L, 312448L, 
236215L, 161562L, 149078L, 167693L, 161190L, 599701L, 200791L, 
161496L, 222576L, 144695L, 140238L, 94584L, 379678L, 170345L, 
104984L, 148203L, 105363L, 182068L, 147517L, 230708L, 257499L, 
85585L, 102806L, 139079L, 99463L, 108785L, 111353L, 71904L, 146981L, 
172795L, 124939L, 196317L, 168739L, 84291L, 329328L, 118585L, 
118517L, 205397L, 165213L, 184315L, 81580L, 240590L, 111702L, 
110889L, 227314L, 54210L, 298549L, 139104L, 160635L, 185902L, 
110738L, 116938L, 317120L, 107892L, 173102L, 137606L, 101375L, 
182649L, 233155L, 182334L, 218734L, 147625L, 236936L, 154798L, 
127385L, 163102L, 263408L, 75606L, 114513L, 129155L, 120279L, 
172016L, 271339L, 45904L, 158789L, 16858L, 84291L, 210672L, 128440L, 
130239L, 186605L, 189995L, 204661L, 102003L, 238951L, 106659L, 
206415L, 109259L, 191746L, 98632L, 211517L, 157370L, 163191L, 
99082L, 127394L, 147425L, 334556L, 66027L, 473938L, 184515L, 
215824L, 261031L, 147440L, 244124L, 308750L, 292524L, 199187L, 
156797L, 153129L, 162913L, 285500L, 227994L, 198622L, 181516L, 
167253L, 169647L, 238792L, 237583L, 120115L, 240857L, 126049L, 
148585L, 196846L, 163728L, 87852L, 149078L, 112825L, 178216L, 
125361L, 157513L, 150502L, 209371L, 163986L, 209555L, 156164L, 
466044L, 107919L, 146626L, 184108L, 145583L, 175514L, 193565L, 
124013L, 235152L, 197350L, 139079L, 236215L, 113740L, 200713L, 
191790L, 149933L, 119937L, 200940L, 93895L, 190983L, 152404L, 
198622L, 57678L, 179524L, 181399L, 232219L, 126436L, 328491L, 
104412L, 109042L, 167145L, 212830L, 45004L), Living.Area = c(1386.185, 
1845.185, 1909.185, 1459.185, 1131.185, 1693.185, 1789.185, 1783.185, 
1741.185, 1349.185, 1868.185, 2047.185, 2483.185, 1795.185, 977.185, 
3010.185, 1579.185, 1823.185, 1825.185, 1380.185, 1501.185, 1393.185, 
2099.185, 1797.185, 717.185, 1475.185, 1549.185, 1749.185, 1753.185, 
1845.185, 1369.185, 2908.185, 2055.185, 2033.185, 1653.185, 1865.185, 
1747.185, 5103.185, 1669.185, 1899.185, 3133.185, 1631.185, 1311.185, 
913.185, 3709.185, 1941.185, 1173.185, 1771.185, 853.185, 2024.185, 
1669.185, 2537.185, 1664.185, 901.185, 1237.185, 1597.185, 901.185, 
1469.185, 1237.185, 946.185, 1821.185, 1501.185, 1088.185, 2348.185, 
1609.185, 1469.185, 3531.185, 925.185, 1581.185, 2414.185, 1653.185, 
2285.185, 1325.185, 2990.185, 867.185, 1255.185, 2753.185, 781.185, 
2299.185, 1749.185, 1325.185, 2745.185, 1789.185, 977.185, 3065.185, 
1364.185, 1885.185, 1497.185, 949.185, 1747.185, 3225.185, 2251.185, 
2208.185, 1657.185, 2289.185, 2459.185, 1405.185, 1541.185, 1727.185, 
901.185, 949.185, 1249.185, 1045.185, 1536.185, 3045.185, 1317.185, 
3333.185, 1618.185, 913.185, 1753.185, 1543.185, 1575.185, 2317.185, 
2139.185, 1916.185, 1173.185, 2630.185, 925.185, 2665.185, 1228.185, 
1655.185, 1395.185, 2317.185, 1645.185, 1875.185, 913.185, 2029.185, 
1571.185, 3365.185, 1642.185, 769.185, 1461.185, 2045.185, 2269.185, 
1579.185, 2335.185, 2947.185, 2889.185, 2212.185, 1661.185, 1861.185, 
2000.185, 3317.185, 1962.185, 2013.185, 1913.185, 1861.185, 1419.185, 
2239.185, 2751.185, 956.185, 1434.185, 1257.185, 1723.185, 2133.185, 
1800.185, 1259.185, 1581.185, 1303.185, 1501.185, 1315.185, 2153.185, 
1657.185, 2065.185, 2028.185, 2528.185, 1781.185, 3842.185, 1045.185, 
1550.185, 2691.185, 1365.185, 2464.185, 2156.185, 1513.185, 3181.185, 
2489.185, 1389.185, 1381.185, 1909.185, 2493.185, 2293.185, 1653.185, 
2017.185, 1105.185, 949.185, 2077.185, 1497.185, 1960.185, 913.185, 
2589.185, 1831.185, 2530.185, 1205.185, 2722.185, 1469.185, 869.185, 
1841.185, 2255.185, 949.185), DistanceC = c(14.0353512931615, 
24.8153649233282, 1.66379098035395, 4.44790082611144, 24.2314426451921, 
22.8028943631798, 24.0641022678465, 13.3065400067717, 9.18881055898964, 
7.22796293906868, 17.8426766879857, 18.9227291624993, 7.67352185025811, 
10.2558210268617, 22.3098309151828, 8.28289711847901, 5.40159908868372, 
21.6104591358453, 13.9443437401205, 22.8353976905346, 16.2553970701993, 
20.3902408946306, 18.2720882873982, 2.07343195565045, 4.51632492244244, 
8.14449036680162, 2.84154976904392, 19.5326396990567, 2.57861902192235, 
4.90616766922176, 21.4442267790437, 12.8056715708226, 6.83184508047998, 
14.6843433529139, 7.04131379164755, 1.82168134860694, 23.7128951046616, 
9.22931722924113, 21.386380834505, 1.23648578114808, 8.35623923502862, 
6.28822162374854, 22.0579341109842, 3.15419462323189, 3.5131706930697, 
24.640829179436, 22.7049579713494, 6.38855478167534, 9.05058963410556, 
10.1932403687388, 13.1329455338418, 7.18856931291521, 23.3738691490144, 
4.48597367666662, 14.4771494176239, 10.5980695448816, 6.04566119797528, 
20.6596820671111, 12.1620361227542, 1.31257511116564, 22.9436002653092, 
10.1217541620135, 22.6722509637475, 7.82274457067251, 18.0486238375306, 
9.37385433726013, 13.7502022664994, 21.6010100990534, 5.51116754487157, 
4.48609539307654, 16.687122605741, 12.0791291538626, 2.65235284715891, 
3.37814309448004, 8.26098266616464, 3.39307779073715, 7.24554335512221, 
8.69287559390068, 7.77600256353617, 14.7446479778737, 24.7113395985216, 
7.90137878060341, 2.5354987680912, 22.2961640320718, 6.96183614991605, 
3.06141276098788, 13.7298658639193, 3.11790306121111, 11.7680396623909, 
5.37582083046436, 18.6274624522775, 7.14566283673048, 4.04808303341269, 
22.6292104832828, 9.37531363777816, 6.84103426709771, 17.2723013646901, 
2.61064717918634, 21.6591373290867, 16.3177175819874, 12.8866261932999, 
16.0933595709503, 7.07270989194512, 5.29434716701508, 13.6549245696515, 
4.79674301296473, 9.01671086996794, 3.71866228617728, 18.7392825838178, 
9.5195020865649, 11.5523650124669, 11.0454650316387, 13.7319792937487, 
15.1625671442598, 2.18522158265114, 10.2787383068353, 4.30573958531022, 
21.7766912914813, 4.94218376278877, 21.7512083668262, 24.4529637955129, 
7.08031269721687, 8.91500100120902, 17.9136324096471, 3.81277522258461, 
14.1295896619558, 14.6832514256239, 10.6545880306512, 18.8932751659304, 
15.0648295991123, 23.0544965043664, 17.2991223875433, 20.7740733083338, 
20.806721502915, 22.2133848927915, 12.5335149690509, 11.5010338909924, 
21.7918709460646, 1.84307345747948, 12.8529821839184, 24.6521777119488, 
17.6052573639899, 2.85069282725453, 3.61502980999649, 14.0097273681313, 
19.9965326152742, 6.50900191441178, 10.446824869141, 17.9911368731409, 
2.84774007275701, 6.782092763111, 13.629716604948, 13.499162344262, 
18.396969826892, 2.49184913001955, 11.5953897740692, 20.5953114703298, 
13.333462132141, 13.2374441120774, 22.8738968335092, 2.47278530150652, 
2.43679615296423, 5.07106372155249, 2.12845522724092, 6.25761824473739, 
7.86098844558001, 9.71398331783712, 14.3549179062247, 6.0134221855551, 
10.1298764161766, 23.907495861873, 14.3845257777721, 15.8751955796033, 
24.6862147208303, 22.4030309394002, 15.5518856532872, 21.3514673411846, 
21.1476329173893, 18.918098680675, 23.9707485809922, 19.6618339624256, 
21.278562374413, 24.5592308994383, 17.4128060787916, 2.1131848860532, 
11.9040682110935, 1.46215588413179, 13.4797155130655, 17.7673027589917, 
5.21129723638296, 16.6807035822421, 22.1241265479475, 15.8515230733901, 
19.3104605413973, 22.2226612064987, 10.7425205316395, 8.7593901809305, 
16.6339104454964, 15.4780491720885, 20.2790328431875),