structure(list(Price = c(146471L, 173639L, 154238L, 47630L, 80248L, 
40932L, 184515L, 98652L, 104084L, 200940L, 165213L, 205950L, 
45004L, 93200L, 310696L, 120279L, 113444L, 79982L, 184315L, 199684L, 
225742L, 189654L, 223055L, 93174L, 117703L, 112153L, 80130L, 
228291L, 166222L, 200713L, 194880L, 269063L, 123834L, 152786L, 
94584L, 50483L, 334556L, 198622L, 156679L, 133595L, 207018L, 
157411L, 202527L, 187003L, 260228L, 148231L, 181225L, 189665L, 
139418L, 146329L, 199733L, 16858L, 126311L, 150502L, 147634L, 
108002L, 196512L, 90446L, 185323L, 142212L, 98632L, 378465L, 
115659L, 144561L, 354739L, 122082L, 329328L, 103256L, 220765L, 
112400L, 96934L, 87588L, 151950L, 102806L, 187087L, 232934L, 
96004L, 104984L, 173446L, 260460L, 184315L, 285769L, 183610L, 
77650L, 129155L, 123064L, 104984L, 197581L, 236936L, 116170L, 
177539L, 244382L, 206512L, 155787L, 122221L, 81762L, 181399L, 
64174L, 128717L, 139104L, 55851L, 111702L, 150909L, 283851L, 
240857L, 102086L, 94064L, 252872L, 115649L, 128040L, 181516L, 
167776L, 147517L, 106659L, 171885L, 93895L, 170345L, 232894L, 
136551L, 93846L, 202836L, 45904L, 152112L, 188497L, 172789L, 
277828L, 235620L, 113740L, 174534L, 260887L, 337918L, 135823L, 
146981L, 91386L, 158789L, 75399L, 128040L, 120476L, 230708L, 
107912L, 278936L, 119001L, 379472L, 186348L, 140701L, 244443L, 
144571L, 599701L, 92519L, 133688L, 167319L, 90446L, 113514L, 
114238L, 175514L, 222198L, 373227L, 332888L, 134933L, 85585L, 
206415L, 175084L, 221263L, 140510L, 94667L, 228904L, 75975L, 
142420L, 157055L, 211517L, 229055L, 200126L, 136379L, 151950L, 
229761L, 223266L, 119858L, 265515L, 104412L, 366772L, 212932L, 
110234L, 179492L, 270841L, 109040L, 102806L, 347761L, 103672L, 
263226L, 149078L, 163652L, 147625L, 108593L, 509488L, 119751L, 
64552L, 93174L, 311709L, 164419L, 296708L), Living.Area = c(862.035, 
1880.035, 1954.035, 1205.035, 1570.035, 1290.035, 1442.035, 1128.035, 
1272.035, 1086.035, 1634.035, 2254.035, 930.035, 894.035, 2813.035, 
1026.035, 1626.035, 1542.035, 2266.035, 2245.035, 2186.035, 2290.035, 
2638.035, 754.035, 1462.035, 1240.035, 1195.035, 1956.035, 1468.035, 
2474.035, 2248.035, 3289.035, 1062.035, 1548.035, 894.035, 713.035, 
3266.035, 1994.035, 1881.035, 1636.035, 2117.035, 1636.035, 2090.035, 
1838.035, 2062.035, 1445.035, 1914.035, 2173.035, 1266.035, 1996.035, 
810.035, 1599.035, 1340.035, 1638.035, 834.035, 1514.035, 1398.035, 
1170.035, 1632.035, 1952.035, 1376.035, 3427.035, 1212.035, 1262.035, 
3952.035, 2226.035, 3512.035, 1462.035, 2028.035, 1345.035, 1450.035, 
1362.035, 1860.035, 1138.035, 1997.035, 2086.035, 882.035, 1114.035, 
2094.035, 3696.035, 2122.035, 3095.035, 2540.035, 1590.035, 1212.035, 
1179.035, 1154.035, 1672.035, 2270.035, 1242.035, 1498.035, 2542.035, 
1426.035, 1510.035, 1140.035, 882.035, 1812.035, 642.035, 1185.035, 
1730.035, 960.035, 848.035, 1344.035, 2316.035, 1415.035, 1272.035, 
1450.035, 2582.035, 1392.035, 1458.035, 1894.035, 3076.035, 1650.035, 
906.035, 1520.035, 1450.035, 1922.035, 2470.035, 1850.035, 1355.035, 
2038.035, 1298.035, 1482.035, 1712.035, 1782.035, 2958.035, 2077.035, 
1890.035, 2196.035, 2146.035, 2996.035, 1916.035, 1802.035, 1090.035, 
3314.035, 958.035, 1658.035, 1218.035, 2518.035, 1278.035, 3091.035, 
1476.035, 3410.035, 1981.035, 1524.035, 2780.035, 1482.035, 5084.035, 
1251.035, 1750.035, 2058.035, 1226.035, 1112.035, 1134.035, 2445.035, 
2465.035, 2028.035, 3081.035, 1466.035, 882.035, 2646.035, 2184.035, 
1970.035, 1560.035, 882.035, 1794.035, 1270.035, 1986.035, 1806.035, 
2298.035, 2470.035, 1660.035, 1456.035, 1860.035, 2200.035, 2589.035, 
1446.035, 1840.035, 1450.035, 3170.035, 2464.035, 1622.035, 2000.035, 
2276.035, 1168.035, 1450.035, 3790.035, 1446.035, 3325.035, 1562.035, 
1878.035, 1638.035, 1450.035, 3500.035, 1450.035, 1268.035, 992.035, 
2998.035, 1755.035, 3180.035), DistanceC = c(6.52218194305897, 
20.6792662162334, 3.98489788919687, 4.78800086677074, 8.24978199601173, 
21.3144993595779, 3.25427222251892, 1.48405401967466, 11.7556578367949, 
16.9388676080853, 12.7910708319396, 12.7408322356641, 10.8176983464509, 
22.7604425046593, 4.62776147574186, 6.261534800753, 24.9657647479326, 
7.11411672830582, 13.8136546984315, 21.2063848115504, 15.2346687838435, 
2.61734645441175, 5.83474561944604, 11.5779462009668, 2.95033297501504, 
14.5982285235077, 19.8289703130722, 18.9978876486421, 22.8094589468092, 
3.39065164886415, 5.26145495288074, 12.9124454446137, 19.4021052308381, 
22.0081289988011, 6.92877356521785, 14.7107734214514, 20.0113136377186, 
19.8745629992336, 23.465359153226, 21.0705757793039, 14.0626285150647, 
16.4258470665663, 5.47724044509232, 15.5320870168507, 19.5298344381154, 
11.7629342731088, 5.86139548383653, 14.8423786442727, 1.63011782430112, 
14.1745031960309, 24.9283598233014, 3.11650067381561, 14.3045552186668, 
22.9913632161915, 10.7659926656634, 9.05459602735937, 23.2299659643322, 
23.280832907185, 5.84750085882843, 18.3015414010733, 7.16977791301906, 
5.49449241906404, 24.6222806591541, 12.9169544670731, 6.46873669885099, 
22.0938500799239, 12.2221784349531, 23.9694917146116, 6.14920940250158, 
20.2014900743961, 18.5515668448061, 6.78338605724275, 19.5916352719069, 
17.5577920824289, 7.1290786433965, 1.2875223569572, 5.04182159155607, 
22.4966789707541, 19.8786188401282, 16.2682544849813, 8.68651700951159, 
22.2318061925471, 15.873849960044, 7.01934153214097, 21.6679595671594, 
13.4011153616011, 19.8852179348469, 11.4348590504378, 5.51332872360945, 
6.4376774225384, 1.84167423844337, 18.9637002907693, 13.7986624576151, 
12.6354863420129, 9.06606861762702, 23.6339046191424, 16.4277575258166, 
19.3965348191559, 12.3324989322573, 10.7915679700673, 6.27693385444582, 
19.4047949835658, 8.12014436349273, 9.99898036383092, 23.5948420055211, 
19.7339781988412, 19.6276224143803, 17.8301509283483, 8.87946573272347, 
22.0936971604824, 2.5402716640383, 17.7162238378078, 3.16495294682682, 
19.5714259948581, 1.8488971143961, 9.6712414175272, 6.81213329173625, 
5.57304106093943, 7.33460447378457, 2.07171970047057, 21.3600712027401, 
17.150190513581, 7.38755791261792, 21.9419029001147, 14.557967286557, 
17.5154181867838, 23.0172666721046, 24.3800339177251, 5.40154681354761, 
6.58689149282873, 12.4097846951336, 1.57344920188189, 20.7864753510803, 
19.2238909881562, 9.89852328784764, 13.5951930992305, 7.78982471860945, 
9.50547902286053, 6.05342435464263, 20.7048637438565, 24.4274304397404, 
13.429675238207, 19.3170773163438, 4.99025126174092, 7.16283659078181, 
9.36734586767852, 18.3833050392568, 17.2134968098253, 1.1993638407439, 
10.5402864199132, 5.02321752160788, 6.04754144884646, 18.10280389525, 
5.641467185691, 4.17842850647867, 19.3317911550403, 19.9544433802366, 
23.6889385357499, 3.0304668135941, 16.821309896186, 14.6177752558142, 
11.1767960041761, 16.3130710292608, 5.84608029387891, 19.9781623668969, 
3.75147322937846, 17.6754321213812, 16.0608209501952, 24.8590511679649, 
21.2564335130155, 18.7857956029475, 16.8267872352153, 13.3018116690218, 
9.9563246909529, 2.13537695817649, 19.4976855702698, 22.3336915951222, 
7.85256946086884, 24.2905685845762, 22.9575533065945, 16.40197885409, 
16.4282641168684, 2.69693819060922, 8.01604413241148, 12.0814395416528, 
1.94281850196421, 13.1995625030249, 9.03968297317624, 12.0345478281379, 
14.9906445648521, 17.7840538360178, 10.3392152581364, 1.79370338283479, 
21.2633671183139, 24.4184485655278, 19.1607707031071, 21.1428575180471, 
17.284138970077, 8.79312025569379, 23.2195071484894),