structure(list(Price = c(67951L, 161562L, 279083L, 132138L, 100839L, 
200510L, 146471L, 93895L, 242955L, 223266L, 160635L, 130239L, 
154798L, 114513L, 75975L, 238951L, 86651L, 117164L, 173446L, 
295426L, 300931L, 117907L, 146626L, 134171L, 90446L, 202751L, 
114519L, 137540L, 136551L, 85560L, 152404L, 163728L, 108421L, 
159843L, 55851L, 237583L, 112877L, 64552L, 99082L, 150502L, 174534L, 
148401L, 190284L, 72189L, 177452L, 109042L, 65550L, 206931L, 
130518L, 129155L, 249250L, 173082L, 330219L, 136203L, 210743L, 
154696L, 145583L, 130757L, 160007L, 308253L, 126082L, 120476L, 
132088L, 133595L, 116862L, 102530L, 236215L, 124013L, 188497L, 
156164L, 109578L, 142057L, 176618L, 183610L, 163478L, 75399L, 
101375L, 142907L, 278936L, 208635L, 111534L, 89306L, 562546L, 
55817L, 175514L, 283851L, 137127L, 145663L, 102806L, 204643L, 
265515L, 466044L, 260460L, 210646L, 212103L, 111875L, 116289L, 
235152L, 221263L, 99903L, 103958L, 162091L, 124939L, 109578L, 
172795L, 101230L, 509488L, 332888L, 94584L, 160007L, 138914L, 
124939L, 196317L, 263408L, 107411L, 111809L, 119166L, 255303L, 
63852L, 59043L, 88207L, 94667L, 103408L, 250723L, 232934L, 102806L, 
62105L, 379472L, 329328L, 334556L, 69463L, 279522L, 207237L, 
391842L, 26049L, 178760L, 185902L, 118007L, 234429L, 143768L, 
165213L, 120192L, 197105L, 147634L, 154432L, 50483L, 323819L, 
202157L, 325262L, 181979L, 171885L, 126311L, 110738L, 108459L, 
240857L, 236829L, 209371L, 163986L, 167319L, 157370L, 108002L, 
251699L, 144695L, 52360L, 134865L, 122229L, 202836L, 142420L, 
204661L, 227314L, 122221L, 167776L, 224928L, 150434L, 140765L, 
105843L, 244443L, 109633L, 263938L, 263226L, 151950L, 93174L, 
263226L, 166888L, 198622L, 77547L, 312448L, 127394L, 93200L, 
229055L, 137309L, 122044L, 199990L, 95708L, 104412L, 120476L, 
106524L, 77650L, 94486L, 254327L), Living.Area = c(1041.09, 2045.09, 
1909.09, 1469.09, 1481.09, 1807.09, 893.09, 961.09, 1955.09, 
2620.09, 1337.09, 1053.09, 2471.09, 961.09, 1301.09, 2642.09, 
1141.09, 1537.09, 2125.09, 3371.09, 848.09, 1296.09, 1562.09, 
2134.09, 1201.09, 2203.09, 1429.09, 1552.09, 1881.09, 2069.09, 
1509.09, 1812.09, 1289.09, 1351.09, 991.09, 2763.09, 1381.09, 
1299.09, 925.09, 1669.09, 2227.09, 1857.09, 1880.09, 1595.09, 
2403.09, 881.09, 1197.09, 2332.09, 1201.09, 1261.09, 2605.09, 
1657.09, 2577.09, 1480.09, 2121.09, 1705.09, 1377.09, 1395.09, 
1666.09, 2881.09, 1593.09, 1121.09, 1369.09, 1667.09, 1457.09, 
1203.09, 2067.09, 1525.09, 1743.09, 1793.09, 1177.09, 953.09, 
2163.09, 2571.09, 2335.09, 989.09, 1821.09, 1921.09, 3122.09, 
2715.09, 1033.09, 1481.09, 5229.09, 1689.09, 2311.09, 2347.09, 
1893.09, 1667.09, 1169.09, 1744.09, 1871.09, 3854.09, 3727.09, 
1995.09, 1401.09, 1759.09, 1108.09, 3193.09, 2001.09, 1361.09, 
1487.09, 1807.09, 1100.09, 1343.09, 1513.09, 1041.09, 3531.09, 
3112.09, 925.09, 2079.09, 1577.09, 1679.09, 2360.09, 1739.09, 
841.09, 1712.09, 913.09, 2243.09, 1537.09, 1669.09, 1481.09, 
913.09, 1035.09, 2491.09, 2117.09, 1249.09, 1229.09, 3441.09, 
3543.09, 3297.09, 1171.09, 2001.09, 2657.09, 3004.09, 1345.09, 
2015.09, 2757.09, 1695.09, 1471.09, 1613.09, 1665.09, 1405.09, 
1895.09, 865.09, 1645.09, 744.09, 2593.09, 2565.09, 3497.09, 
1823.09, 1551.09, 1472.09, 1801.09, 1293.09, 1446.09, 2473.09, 
2085.09, 2040.09, 2089.09, 1657.09, 1545.09, 3082.09, 1643.09, 
1311.09, 1501.09, 1405.09, 2069.09, 2017.09, 1928.09, 2765.09, 
1171.09, 3107.09, 2186.09, 1667.09, 1597.09, 973.09, 2811.09, 
776.09, 2642.09, 3356.09, 1891.09, 1023.09, 3356.09, 1741.09, 
1617.09, 909.09, 2920.09, 2041.09, 925.09, 2501.09, 1093.09, 
1638.09, 2012.09, 913.09, 1481.09, 1249.09, 1149.09, 1621.09, 
1151.09, 2542.09), DistanceC = c(5.90305203385651, 21.3814661111683, 
16.8849772121757, 13.4806648474187, 4.3093547783792, 24.9513298533857, 
21.248019400984, 16.388104043901, 3.31345220841467, 1.69081077165902, 
22.8710450418293, 12.195233521983, 9.73554355092347, 10.8145358879119, 
20.3934878259897, 16.0342988427728, 7.9339353106916, 2.57571673206985, 
15.1528021767735, 12.3965073805302, 24.7219191025943, 23.8836349360645, 
9.74585483968258, 6.14498666673899, 3.30651411041617, 19.0041143354028, 
9.22349082306027, 17.5009818784893, 17.2950504869223, 15.5805289074779, 
17.7373566552997, 2.86819891817868, 10.1311072930694, 20.4098270945251, 
6.54002821072936, 22.816737126559, 6.47993687167764, 6.38573840074241, 
6.22240279056132, 6.18898736126721, 4.47637992911041, 3.54337845742702, 
3.53692924231291, 21.9200224392116, 17.8725312557071, 14.0210272967815, 
7.12842326797545, 14.3872676827013, 24.3978731948882, 23.5822284929454, 
2.37580022774637, 24.7748185340315, 9.46422173641622, 19.7338533364236, 
16.8179929535836, 19.1799597237259, 22.2113437652588, 10.772374227643, 
12.8585178554058, 15.2565631642938, 5.48455037549138, 24.4523341748863, 
12.2613283600658, 6.14889370091259, 14.3211624510586, 18.7785996440798, 
15.3819968812168, 18.0033776424825, 18.6263120081276, 2.91655326262116, 
14.1169268190861, 2.92034680023789, 19.8059919625521, 6.92800819687545, 
2.31436380557716, 8.16672181151807, 11.870505226776, 3.98299991339445, 
15.5380675885826, 12.5824919603765, 1.30929965898395, 6.62463163770735, 
4.17533162236214, 8.25525203160942, 7.3080386351794, 2.81435191817582, 
12.6023340933025, 17.1412394400686, 10.8596981298178, 20.6843680907041, 
9.27935682795942, 5.29584687389433, 10.6346386931837, 11.8473074156791, 
3.1586651224643, 1.96154638379812, 12.2785397488624, 24.7909616883844, 
22.3051945436746, 7.4610911142081, 11.3956526201218, 22.2261924743652, 
18.5727576315403, 17.4973289556801, 21.4502608831972, 2.32715111970901, 
12.3927500806749, 9.76063729263842, 21.3136517871171, 15.1091258004308, 
1.92546035721898, 22.2813281808048, 23.4613175615668, 8.73707240819931, 
10.7488047238439, 17.8729167450219, 18.9515900947154, 18.4291464947164, 
4.48325759917498, 15.2590213082731, 2.00607819482684, 18.6081402655691, 
18.1169710103422, 20.0398259665817, 24.2974207568914, 11.1078798454255, 
8.1934098303318, 7.65859909541905, 9.19363573566079, 12.8705411758274, 
19.704561881721, 2.65847269259393, 8.24049700424075, 20.6810093391687, 
2.82393617741764, 3.71389824710786, 10.2806160654873, 24.2104700338095, 
6.7664378657937, 8.69782203435898, 23.4335417170078, 24.1607872247696, 
22.5664249379188, 22.4933947399259, 17.7921931892633, 14.7056214567274, 
22.483729634434, 2.64793056063354, 14.1930279843509, 3.82076405920088, 
15.3360862135887, 10.4232327733189, 10.9491237606853, 14.3809264879674, 
8.14322844333947, 24.8189768865705, 19.9207568578422, 2.03839501366019, 
10.1930391248316, 11.5223585478961, 1.22683785296977, 14.0891760867089, 
24.7503610178828, 12.528433714062, 2.60658743791282, 7.9030212983489, 
14.0146389342844, 23.5863701086491, 3.83593928813934, 14.5241854395717, 
14.347061118111, 20.7316869460046, 17.0752938054502, 12.7388707138598, 
20.6315216049552, 2.54794516228139, 10.883839301765, 9.89416829682887, 
20.7939476445317, 12.7091649249196, 21.5312207136303, 15.4964536186308, 
22.9278765525669, 23.3641052823514, 11.86576946266, 24.6927051302046, 
22.2738275118172, 16.6320822797716, 2.58622458763421, 15.8586746584624, 
21.7531347069889, 5.6759183332324, 15.2104126121849, 23.6956806592643, 
19.3462871089578, 11.2116966731846, 21.0871050208807, 13.4265604279935, 
24.7791965473443, 24.3839370179921),