structure(list(Price = c(213249L, 154238L, 105363L, 146611L, 
172315L, 99903L, 169647L, 143210L, 186348L, 229055L, 155488L, 
93815L, 150581L, 157370L, 225742L, 75606L, 175514L, 246976L, 
101193L, 135011L, 224668L, 88092L, 126311L, 146161L, 357138L, 
152786L, 113514L, 140701L, 175784L, 113367L, 139079L, 180288L, 
118517L, 112400L, 209371L, 109578L, 115248L, 126498L, 239301L, 
96958L, 120192L, 153013L, 109577L, 168739L, 232989L, 64174L, 
79567L, 228806L, 218184L, 265515L, 112153L, 117287L, 198622L, 
173082L, 89232L, 114513L, 51183L, 190444L, 134378L, 93174L, 107919L, 
107513L, 16858L, 208635L, 136203L, 109040L, 65325L, 99463L, 132088L, 
199733L, 159175L, 139627L, 234429L, 173794L, 295426L, 113371L, 
162631L, 122044L, 177998L, 226705L, 88207L, 267731L, 599701L, 
183066L, 287360L, 210743L, 106365L, 269063L, 121279L, 156820L, 
202751L, 134865L, 261846L, 102086L, 142057L, 109042L, 105035L, 
84291L, 153129L, 163478L, 244382L, 94064L, 145663L, 66027L, 233714L, 
130650L, 184108L, 254327L, 155787L, 178851L, 73892L, 119001L, 
102806L, 296708L, 205397L, 151917L, 166222L, 128040L, 167319L, 
125029L, 261872L, 102287L, 90354L, 466044L, 263408L, 106524L, 
142907L, 120476L, 262461L, 69463L, 71904L, 161923L, 129155L, 
221925L, 101708L, 124367L, 159786L, 200791L, 159843L, 110770L, 
112509L, 328491L, 173102L, 330219L, 107766L, 80540L, 240890L, 
111809L, 205073L, 196317L, 170600L, 115312L, 308253L, 235105L, 
74421L, 216018L, 157081L, 135708L, 64552L, 170345L, 130574L, 
198622L, 182068L, 150909L, 184654L, 193565L, 89306L, 154798L, 
96934L, 160007L, 209371L, 188497L, 354739L, 193497L, 103861L, 
260485L, 182056L, 215824L, 283851L, 113600L, 108785L, 148585L, 
160426L, 135526L, 312434L, 329221L, 119858L, 107743L, 154528L, 
115401L, 162006L, 152112L, 136499L, 139418L, 117907L, 92519L, 
151950L, 153850L, 82019L, 122082L), Living.Area = c(1949.43, 
2029.43, 1145.43, 1625.43, 2053.43, 1405.43, 1475.43, 1789.43, 
2056.43, 2545.43, 1792.43, 1229.43, 1709.43, 1701.43, 2261.43, 
957.43, 2355.43, 1697.43, 1420.43, 1372.43, 2571.43, 1617.43, 
1516.43, 1029.43, 2663.43, 1623.43, 1187.43, 1599.43, 1882.43, 
1805.43, 1445.43, 2339.43, 1637.43, 1420.43, 2129.43, 1221.43, 
1745.43, 765.43, 2664.43, 1289.43, 1449.43, 1765.43, 1501.43, 
1665.43, 2293.43, 717.43, 953.43, 2622.43, 2700.43, 1915.43, 
1879.43, 1085.43, 2016.43, 1701.43, 1005.43, 1005.43, 1189.43, 
1881.43, 1324.43, 1067.43, 1101.43, 1053.43, 1674.43, 2759.43, 
1524.43, 1243.43, 858.43, 957.43, 1413.43, 885.43, 1557.43, 2025.43, 
1515.43, 2015.43, 3415.43, 1222.43, 1849.43, 1682.43, 2609.43, 
2555.43, 1525.43, 3046.43, 5159.43, 1881.43, 3178.43, 2165.43, 
1229.43, 3364.43, 1393.43, 1765.43, 2247.43, 1545.43, 2817.43, 
1347.43, 997.43, 925.43, 953.43, 969.43, 1605.43, 2379.43, 2617.43, 
1525.43, 1711.43, 1698.43, 2383.43, 2155.43, 2747.43, 2586.43, 
1585.43, 2047.43, 909.43, 1551.43, 1525.43, 3255.43, 2470.43, 
1555.43, 1543.43, 1533.43, 2133.43, 1881.43, 2425.43, 927.43, 
957.43, 3898.43, 1783.43, 1189.43, 1965.43, 2283.43, 2977.43, 
1215.43, 1002.43, 1203.43, 1305.43, 2517.43, 1537.43, 1317.43, 
1606.43, 1725.43, 1395.43, 956.43, 1183.43, 2778.43, 1941.43, 
2621.43, 1317.43, 1425.43, 1966.43, 1756.43, 2546.43, 2404.43, 
1773.43, 957.43, 2925.43, 2344.43, 1973.43, 1261.43, 2355.43, 
1505.43, 1343.43, 1997.43, 1645.43, 1661.43, 2080.43, 1419.43, 
2257.43, 2212.43, 1525.43, 2515.43, 1525.43, 1710.43, 2121.43, 
1787.43, 4027.43, 1993.43, 1745.43, 2188.43, 2441.43, 2101.43, 
2391.43, 1285.43, 1525.43, 1779.43, 2307.43, 1997.43, 3485.43, 
2979.43, 1521.43, 1229.43, 1830.43, 1525.43, 1701.43, 1557.43, 
1197.43, 1341.43, 1340.43, 1326.43, 1935.43, 2445.43, 1563.43, 
2301.43), DistanceC = c(3.12963733449578, 13.3325520697981, 20.9678826462477, 
24.3372021298856, 2.20556294731796, 21.5183155052364, 15.1130213625729, 
23.2326027657837, 1.49424306675792, 15.7583309113979, 17.7929802779108, 
16.8196670934558, 13.7638297826052, 20.3026394005865, 2.62265704385936, 
13.6577117089182, 12.4254828989506, 7.54799883812666, 14.4685073178262, 
17.6215956490487, 9.81813866831362, 24.467008786276, 15.4666082151234, 
16.2628154736012, 6.54666145890951, 9.81170820072293, 8.44762483425438, 
2.41039044782519, 13.2438898123801, 11.8907680418342, 1.36969900503755, 
4.51600657217205, 18.5001080222428, 8.23003666847944, 13.5199385620654, 
16.2346698250622, 3.96283023245633, 2.74649026431143, 8.69088005833328, 
9.43707385286689, 13.6382400672883, 16.7979976721108, 19.4898135103285, 
17.3102991580963, 8.94849403016269, 18.5775749068707, 8.71752879396081, 
7.83171980082989, 21.3828337080777, 11.0287427101284, 13.2892335280776, 
22.3315415419638, 10.1812468264252, 3.27952689677477, 17.4302037525922, 
11.6122984085232, 1.87055251561105, 8.32180705294013, 23.6791115310043, 
21.4125475436449, 11.6385942548513, 7.02407744154334, 5.1410299539566, 
24.9051535408944, 9.55055687017739, 14.2559388950467, 17.6077090036124, 
10.7650611400604, 20.367427656427, 19.8501678332686, 23.171560337767, 
1.57231777906418, 3.21437027305365, 23.877877311781, 20.3687427155674, 
24.9800206329674, 1.6221681535244, 7.05601138062775, 22.9344107937068, 
11.3852241467685, 21.4472890794277, 19.1163745447993, 16.079769404605, 
1.40395860932767, 2.09608485363424, 22.500297723338, 10.0325526464731, 
24.9499499350786, 13.2276605926454, 12.3496195506305, 22.5363073460758, 
13.5636779647321, 6.99277816899121, 9.33424574322999, 23.5078338384628, 
15.7185951527208, 6.2388056833297, 3.46736409515142, 11.8348634745926, 
17.2501055598259, 3.58976944722235, 15.0971257984638, 5.90733711980283, 
15.4394462723285, 17.7498012557626, 17.4782360922545, 21.5790753625333, 
23.0119700692594, 10.734393466264, 18.7639414891601, 16.7615129575133, 
14.0060768648982, 12.0228350963444, 15.5065419208258, 12.9440174251795, 
13.9837600979954, 13.1395162753761, 16.142130272463, 13.460397304967, 
22.3197260424495, 4.87439553439617, 4.44206588715315, 2.73665919154882, 
24.1952466759831, 16.9811081923544, 6.59680669754744, 5.98976145870984, 
14.3001954611391, 4.36231633089483, 15.9151242729276, 9.91256438940763, 
5.5103257112205, 3.37118088454008, 11.144364213571, 24.730685075745, 
12.4704074133188, 15.6822839155793, 3.38797355815768, 5.09509511291981, 
10.5707985647023, 16.4995157308877, 24.1273086182773, 4.97748272866011, 
10.0673784650862, 15.3666224367917, 6.48729361221194, 16.6294078715146, 
11.0117736812681, 16.0106490068138, 1.26345547102392, 3.78095491416752, 
7.00721772946417, 12.4567773491144, 24.8534370195121, 8.45949355885386, 
7.11399153620005, 6.11611988954246, 9.04215462878346, 4.74595704488456, 
18.5370247960091, 9.55117909796536, 17.8659504279494, 16.6294435728341, 
24.634472573176, 5.17578320205212, 2.25633523054421, 3.9672506917268, 
5.06193130835891, 18.8590099792928, 17.3199851233512, 7.62724625132978, 
16.5923909507692, 1.94929097406566, 17.9801115468144, 4.82615287601948, 
22.5185104869306, 21.6734467241913, 6.39934549853206, 8.76631164364517, 
14.5161719769239, 4.09459563344717, 8.07612716220319, 16.3336827605963, 
1.12015145272017, 19.69684959203, 5.41948068886995, 1.35988082364202, 
22.1290004011244, 11.6713052690029, 11.5391134750098, 19.7108268905431, 
9.10398142971098, 10.5537535063922, 23.5546371117234, 1.85553097724915, 
13.8064001668245, 22.5463252961636, 15.8312405440956, 1.54823457635939, 
8.24832962453365),