structure(list(Price = c(261011L, 282289L, 272902L, 148203L, 
229180L, 140269L, 236215L, 155855L, 67951L, 317120L, 220765L, 
185902L, 184315L, 121680L, 137540L, 91792L, 127385L, 148967L, 
236936L, 162612L, 242955L, 52360L, 244443L, 130650L, 108002L, 
214749L, 157476L, 149933L, 180803L, 189736L, 74422L, 337918L, 
90446L, 88770L, 237367L, 232989L, 137681L, 199733L, 314912L, 
138424L, 47630L, 101375L, 126010L, 77921L, 99045L, 85585L, 120639L, 
174208L, 229055L, 106524L, 267731L, 137508L, 236936L, 131165L, 
206688L, 233876L, 103958L, 121279L, 135011L, 189654L, 90354L, 
91672L, 232934L, 95708L, 329221L, 196512L, 31113L, 93895L, 114590L, 
278906L, 162091L, 110115L, 101708L, 213137L, 45004L, 242952L, 
236829L, 140658L, 59003L, 132088L, 146978L, 238832L, 104412L, 
166335L, 93895L, 101258L, 134933L, 222576L, 94064L, 95708L, 193565L, 
251259L, 90446L, 209555L, 104651L, 149756L, 213249L, 151917L, 
102806L, 155414L, 87588L, 578856L, 270841L, 65615L, 127055L, 
286474L, 192694L, 154723L, 79170L, 124367L, 226304L, 98389L, 
239301L, 231298L, 238951L, 284154L, 150909L, 65325L, 94868L, 
120279L, 216530L, 130490L, 193497L, 251400L, 271578L, 200791L, 
217797L, 163781L, 93846L, 248204L, 186605L, 294133L, 126082L, 
161496L, 157370L, 89955L, 268783L, 205950L, 211517L, 108459L, 
153590L, 152786L, 148967L, 147425L, 143294L, 128273L, 112825L, 
101375L, 473938L, 240590L, 71904L, 182068L, 206931L, 125562L, 
116589L, 122257L, 452745L, 115771L, 181516L, 200126L, 265515L, 
323819L, 148692L, 79982L, 65550L, 169343L, 228375L, 101230L, 
122221L, 226742L, 117287L, 167693L, 129470L, 120639L, 113740L, 
133612L, 295426L, 130229L, 207751L, 94774L, 298549L, 109040L, 
154696L, 308253L, 137127L, 163478L, 82019L, 261031L, 169876L, 
145123L, 122796L, 104984L, 189995L, 120476L, 131411L, 108478L, 
92932L, 106950L, 143697L, 142212L), Living.Area = c(3020.735, 
3022.735, 3025.735, 1787.735, 2315.735, 1249.735, 2071.735, 1337.735, 
1045.735, 3081.735, 2063.735, 2761.735, 2301.735, 1417.735, 1556.735, 
913.735, 1421.735, 2213.735, 2505.735, 1353.735, 1959.735, 1315.735, 
2815.735, 2115.735, 1549.735, 2291.735, 1669.735, 1669.735, 1575.735, 
2593.735, 1713.735, 3031.735, 1205.735, 1005.735, 2941.735, 2253.735, 
1733.735, 845.735, 3428.735, 1678.735, 1240.735, 965.735, 869.735, 
1709.735, 942.735, 917.735, 1503.735, 2377.735, 2505.735, 1153.735, 
3006.735, 1535.735, 2305.735, 1569.735, 2289.735, 2439.735, 1491.735, 
1353.735, 1332.735, 1339.735, 917.735, 1397.735, 2121.735, 917.735, 
2939.735, 1433.735, 1545.735, 1485.735, 1741.735, 2965.735, 1811.735, 
1390.735, 1497.735, 2503.735, 965.735, 1713.735, 2477.735, 2259.735, 
3290.735, 1373.735, 1661.735, 2877.735, 2121.735, 1669.735, 965.735, 
1237.735, 1501.735, 3149.735, 1485.735, 917.735, 2172.735, 1937.735, 
1261.735, 2544.735, 917.735, 1475.735, 1909.735, 1515.735, 1485.735, 
2315.735, 1397.735, 2477.735, 2311.735, 929.735, 1024.735, 2063.735, 
2084.735, 1949.735, 1541.735, 1277.735, 1926.735, 1189.735, 2624.735, 
1805.735, 2646.735, 2813.735, 1379.735, 818.735, 1385.735, 1061.735, 
2393.735, 1600.735, 1953.735, 2746.735, 3128.735, 1685.735, 1391.735, 
1129.735, 1390.735, 1913.735, 2333.735, 3986.735, 1597.735, 1915.735, 
1661.735, 1221.735, 2334.735, 2029.735, 2333.735, 1297.735, 1825.735, 
1513.735, 1869.735, 1587.735, 1365.735, 1348.735, 1319.735, 1825.735, 
785.735, 3006.735, 962.735, 2040.735, 2336.735, 1258.735, 1189.735, 
1861.735, 1769.735, 1484.735, 1929.735, 1695.735, 1875.735, 2597.735, 
1402.735, 1577.735, 1201.735, 1801.735, 2517.735, 1286.735, 1175.735, 
1994.735, 1045.735, 1881.735, 2093.735, 1503.735, 1925.735, 1773.735, 
3375.735, 1253.735, 2633.735, 1245.735, 2315.735, 1203.735, 1709.735, 
2885.735, 1897.735, 2339.735, 1523.735, 2285.735, 1779.735, 1541.735, 
1617.735, 1189.735, 2155.735, 2243.735, 1517.735, 1845.735, 993.735, 
1477.735, 1381.735, 1987.735), DistanceC = c(11.8524989765137, 
11.2636217530817, 22.4345278013498, 11.2915649618953, 13.7797541636974, 
3.44403309002519, 21.4936894513667, 7.96412771940231, 24.7848084159195, 
2.84873392060399, 13.9710727911443, 8.61483110673726, 20.1640392951667, 
15.6961144469678, 23.6308206990361, 19.4071738515049, 8.76230768673122, 
19.7092189453542, 19.1683017928153, 7.7070234734565, 21.0155050661415, 
6.26376629248261, 16.1959849894047, 1.33338216878474, 4.7610185649246, 
17.136773981154, 8.16465270519257, 12.158804776147, 1.70930432341993, 
5.28702644631267, 11.6891235467046, 17.9281799178571, 13.5724102873355, 
1.04823358915746, 8.09499219991267, 23.3093654699624, 15.0406386107206, 
19.4102382920682, 21.1751958951354, 6.64117944799364, 14.659192731604, 
12.3345540352166, 13.5955141093582, 15.2062839549035, 5.78008499927819, 
16.0287349242717, 7.5789911095053, 20.4556930363178, 12.0618420373648, 
14.7642101552337, 9.67456494271755, 4.32225657254457, 10.851190822199, 
19.3086332418025, 24.529826104641, 8.5291061475873, 8.19811861589551, 
9.69600737094879, 16.7994870971888, 15.0956207439303, 9.8798590246588, 
22.4949770644307, 24.6921657044441, 9.70880671031773, 21.7104726694524, 
1.73852871730924, 20.3390133902431, 19.4517270755023, 11.255014186725, 
5.57890760526061, 4.06449537537992, 19.7293062545359, 16.9219664614648, 
22.9543734136969, 12.8989309500903, 12.7494494691491, 7.24629666469991, 
22.1169842164963, 21.6024527419358, 10.2507519088686, 2.84421561099589, 
8.8960371799767, 7.02014499343932, 3.33924222365022, 6.3782332893461, 
6.09013302251697, 11.7645722758025, 5.85518758930266, 21.6645776089281, 
4.9886706918478, 11.803585620597, 1.03072008863091, 3.87195952236652, 
16.8986720014364, 22.5234805978835, 19.8831227608025, 22.1128247864544, 
20.6357518676668, 12.6337994839996, 23.4547929596156, 3.70983910933137, 
23.3110057916492, 1.66379013098776, 18.0744756106287, 11.9597972054034, 
18.0918296426535, 6.50946928933263, 9.84272753447294, 15.4673033207655, 
18.3174977842718, 4.75155073590577, 14.9802007190883, 1.65090619586408, 
16.2390239164233, 7.18027773872018, 11.7118126153946, 12.3767202552408, 
2.32132065109909, 11.5957068111748, 22.8471927382052, 23.5166023541242, 
1.70133468694985, 9.31233493983746, 24.7006949558854, 10.6054130028933, 
22.5545624941587, 17.5170576311648, 22.5869006980211, 22.9675696752965, 
14.6960131581873, 15.5541743207723, 16.0492595229298, 15.0400915294886, 
14.4325012434274, 16.9954247064888, 10.6335396133363, 16.4966089315712, 
10.0941596291959, 5.51202243752778, 13.147987736389, 2.56974270939827, 
17.2451695073396, 18.4094479326159, 17.1088291630149, 6.76984249986708, 
15.3750180248171, 2.24309265054762, 5.00485695712268, 11.9839943237603, 
21.8834949824959, 2.82769868522882, 11.021998681128, 11.686905644834, 
1.57025319337845, 2.43724969215691, 21.8266410138458, 12.6635608561337, 
8.82984247989953, 9.14004014246166, 5.63967939279974, 17.3949939254671, 
23.0065722186118, 9.13641228154302, 22.5461526792496, 20.1724857054651, 
14.1396271977574, 18.7302183266729, 14.7098679021001, 24.5564015936106, 
6.58222328685224, 24.6911905370653, 9.63405790925026, 23.5126598700881, 
15.8134549837559, 6.61232369579375, 6.52118118852377, 3.68796686828136, 
4.30193559266627, 11.964574739337, 11.893383955583, 22.0681453254074, 
14.6748407334089, 3.06282907910645, 2.51115016639233, 22.0754377935082, 
7.00523958913982, 14.1341199912131, 21.8411682490259, 13.2626545410603, 
1.2119228374213, 23.1092854794115, 5.46986795216799, 6.58079901710153, 
19.5184521824121, 3.64199886843562, 19.5669844076037, 9.78786496631801, 
8.04623598791659, 21.1062424536794, 20.5075192712247),