structure(list(Price = c(198622L, 104984L, 101230L, 452745L, 
297024L, 209555L, 90678L, 178760L, 122221L, 101230L, 146611L, 
176618L, 162091L, 129609L, 108593L, 160571L, 130782L, 103958L, 
235152L, 104371L, 263408L, 194880L, 138914L, 130229L, 262461L, 
106524L, 332888L, 130490L, 102530L, 177998L, 128434L, 102405L, 
71904L, 143808L, 94064L, 252872L, 218184L, 190856L, 151917L, 
285500L, 107973L, 131165L, 154798L, 129868L, 142212L, 163986L, 
63852L, 88770L, 163781L, 74421L, 172789L, 124585L, 144335L, 263938L, 
64552L, 126082L, 159175L, 210672L, 225742L, 240639L, 146981L, 
297380L, 213048L, 196603L, 161839L, 200791L, 159786L, 130574L, 
88092L, 129155L, 236936L, 217314L, 136551L, 80130L, 146161L, 
112509L, 124669L, 148231L, 224888L, 99463L, 99903L, 127303L, 
103677L, 135167L, 135820L, 220776L, 119166L, 221925L, 98389L, 
207237L, 209122L, 268783L, 257015L, 108958L, 111633L, 103861L, 
131411L, 31113L, 88207L, 111809L, 99082L, 163191L, 240952L, 228375L, 
509488L, 338596L, 101230L, 137508L, 104651L, 163310L, 309808L, 
218734L, 161190L, 284154L, 455140L, 271791L, 107049L, 270841L, 
81762L, 278936L, 160571L, 112825L, 140602L, 100306L, 130518L, 
244443L, 170534L, 69876L, 271339L, 151950L, 137044L, 148967L, 
201616L, 120639L, 109040L, 116289L, 232894L, 122221L, 126010L, 
242955L, 155787L, 193524L, 142302L, 210646L, 150434L, 139418L, 
116321L, 220765L, 171171L, 262461L, 161562L, 128040L, 155929L, 
153850L, 180670L, 95708L, 240590L, 183657L, 189654L, 100839L, 
212830L, 104084L, 599701L, 54210L, 119858L, 51183L, 340545L, 
113600L, 144561L, 148203L, 120639L, 93174L, 110115L, 177124L, 
112400L, 105843L, 184515L, 220261L, 202836L, 125029L, 229915L, 
103258L, 204643L, 107912L, 115312L, 170345L, 140269L, 562546L, 
123834L, 106117L, 113796L, 158863L, 221263L, 328491L, 150798L, 
210743L, 106365L, 269063L, 139079L, 139435L), Living.Area = c(2052.89, 
1212.89, 1060.89, 1792.89, 3048.89, 2567.89, 985.89, 2042.89, 
1198.89, 1309.89, 1084.89, 2190.89, 1834.89, 1663.89, 1508.89, 
1322.89, 1302.89, 1514.89, 3220.89, 1491.89, 1766.89, 2306.89, 
1604.89, 1276.89, 2533.89, 1172.89, 3139.89, 1623.89, 1230.89, 
2592.89, 1536.89, 1708.89, 985.89, 1600.89, 1508.89, 2640.89, 
2683.89, 2114.89, 1538.89, 3356.89, 1416.89, 1592.89, 2498.89, 
1820.89, 2010.89, 2067.89, 1564.89, 1028.89, 1152.89, 1956.89, 
1840.89, 1496.89, 1302.89, 2669.89, 1326.89, 1620.89, 1540.89, 
1792.89, 2244.89, 2600.89, 1860.89, 2934.89, 2050.89, 2092.89, 
1629.89, 1708.89, 1589.89, 1628.89, 1600.89, 1288.89, 2528.89, 
2526.89, 1908.89, 1253.89, 1012.89, 1166.89, 1120.89, 1503.89, 
1228.89, 940.89, 1388.89, 1238.89, 1403.89, 1638.89, 1503.89, 
2449.89, 940.89, 2500.89, 1212.89, 2684.89, 3504.89, 2357.89, 
2121.89, 1542.89, 1592.89, 1728.89, 1540.89, 1568.89, 1508.89, 
1739.89, 952.89, 1914.89, 2404.89, 2540.89, 3558.89, 1936.89, 
1068.89, 1558.89, 940.89, 1748.89, 2298.89, 2247.89, 1786.89, 
2836.89, 1792.89, 2843.89, 1620.89, 2334.89, 940.89, 3149.89, 
1640.89, 1342.89, 1721.89, 1342.89, 1228.89, 2838.89, 1848.89, 
1004.89, 3084.89, 1820.89, 1380.89, 2236.89, 2147.89, 1526.89, 
1226.89, 1135.89, 2528.89, 1468.89, 1788.89, 1982.89, 1568.89, 
1758.89, 1270.89, 2022.89, 1694.89, 1324.89, 1514.89, 2086.89, 
1812.89, 2960.89, 2072.89, 1716.89, 2629.89, 2428.89, 2338.89, 
940.89, 3029.89, 1278.89, 1362.89, 1508.89, 2294.89, 1330.89, 
5142.89, 820.89, 1504.89, 1172.89, 2954.89, 1268.89, 1320.89, 
1810.89, 1526.89, 1050.89, 1413.89, 1092.89, 1403.89, 1000.89, 
1500.89, 2740.89, 2312.89, 1864.89, 2131.89, 1372.89, 1771.89, 
1336.89, 940.89, 1980.89, 1272.89, 5256.89, 1120.89, 1508.89, 
988.89, 1724.89, 2028.89, 2761.89, 1240.89, 2148.89, 1212.89, 
3347.89, 1276.89, 1694.89), DistanceC = c(11.5049201827496, 15.5582404714078, 
16.257013162598, 10.0474048312753, 2.97268812544644, 12.0024023856968, 
6.82546910084784, 23.2476990427822, 8.50741604529321, 23.4208652060479, 
21.9922445323318, 9.42554488033056, 24.5472414642572, 5.47425125166774, 
18.4330151285976, 24.4719684477895, 12.3474815450609, 24.2310263104737, 
5.60571403801441, 22.0373665131629, 24.3129834812135, 24.5001950263977, 
19.5905599854887, 9.87932674027979, 7.06889733299613, 23.4034662134945, 
11.4231679160148, 13.5062176771462, 1.99676771648228, 13.1686068102717, 
4.17030282132328, 1.10453247465193, 14.2166976351291, 6.52306079678237, 
8.85604228638113, 12.6998136546463, 9.12527765519917, 11.6547347716987, 
19.9127222057432, 24.3849043343216, 24.3805166706443, 12.691915107891, 
18.4065016042441, 3.83352941833436, 17.7978834677488, 22.2154471427202, 
6.45260069705546, 1.74419231340289, 12.6232692990452, 15.556444760412, 
3.19106051325798, 24.4275970216841, 17.8258851934224, 18.6341645661741, 
6.10971667990088, 6.7451123315841, 23.9648449104279, 1.42736984603107, 
21.3947409894317, 6.39015817828476, 18.7555075958371, 17.6449514199048, 
21.11752053909, 21.9611646868289, 16.2661857139319, 17.2794477194548, 
6.57559396699071, 5.84796258434653, 4.56638293899596, 19.0376813150942, 
24.1393079664558, 19.6575533859432, 14.6365077588707, 10.3622024655342, 
11.5702612753958, 9.55414838716388, 18.4590474646538, 13.3559434916824, 
5.22264941781759, 14.9357924629003, 20.6374257113785, 15.7209288980812, 
21.0821038912982, 4.56026498787105, 17.24159540236, 4.45173197053373, 
23.334678677842, 19.8712454028428, 9.89558871090412, 17.5737901348621, 
9.25973192602396, 11.2257523480803, 10.4631101582199, 22.5570506677032, 
3.50383021309972, 8.66454311273992, 12.0515043679625, 9.117460899055, 
5.20722146891057, 5.19701900519431, 14.8273367993534, 14.068401819095, 
10.1357649937272, 21.9147837162018, 11.5291047338396, 1.54711829684675, 
24.0094549246132, 16.1865351479501, 11.7693050224334, 9.13047046773136, 
17.4592537861317, 19.8390110842884, 23.6946283616126, 12.4538569375873, 
21.9378388840705, 5.27812881022692, 19.9283871278167, 20.8348096460104, 
9.13376750051975, 22.9582829959691, 13.414100298658, 14.9288787953556, 
8.48225268907845, 22.1228789631277, 13.1378920581192, 21.089183839038, 
10.9280221126974, 9.18828655034304, 1.14248330704868, 20.0824723076075, 
5.17437274008989, 12.3879194669425, 8.72716796025634, 6.78317804075778, 
6.13743211887777, 6.51157461106777, 1.1508003231138, 13.3316565528512, 
22.7613400891423, 10.5125376544893, 19.985618069768, 7.85523638688028, 
23.3880889248103, 5.143041331321, 9.43738235160708, 18.0499778948724, 
1.28967664577067, 13.0337678827345, 20.0452336128801, 10.7857188265771, 
6.9870399851352, 18.0098644085228, 22.0694971084595, 6.29289574734867, 
9.30009111948311, 14.0322705693543, 11.7774449791759, 14.652228878811, 
17.7647279445082, 7.24353042431176, 13.0482564773411, 12.6604177150875, 
1.51084984093904, 18.9417781606317, 13.6343223378062, 13.4984766319394, 
11.9701047446579, 9.43832468986511, 16.3052113689482, 24.1047020889819, 
17.4641651958227, 24.2387201264501, 21.1965722627938, 2.43191614747047, 
24.2431939449161, 18.0000751893967, 21.2093389183283, 3.2114302366972, 
24.2897544279695, 12.6221428103745, 9.44305989518762, 4.41086104512215, 
20.2760293669999, 23.9379315972328, 13.3932666704059, 4.84610502980649, 
22.8952570185065, 9.86334226094186, 16.3255532197654, 21.6421708147973, 
13.0339335482568, 8.50460724160075, 21.3716691024601, 22.6445377767086, 
6.77840683795512, 2.48994234204292, 2.49911354668438, 4.07324218191206, 
21.547349082306, 19.9314547758549),