structure(list(Price = c(122796L, 81762L, 111633L, 235105L, 93200L, 
163652L, 184654L, 128440L, 91672L, 200126L, 599701L, 98790L, 
155787L, 142420L, 104371L, 75862L, 294133L, 123266L, 239301L, 
213048L, 238832L, 49564L, 209371L, 107919L, 85560L, 207751L, 
263938L, 166019L, 45904L, 285769L, 312434L, 139435L, 202800L, 
84291L, 262461L, 80540L, 108002L, 116589L, 102086L, 106524L, 
92519L, 161496L, 79116L, 99903L, 123827L, 163310L, 292524L, 182334L, 
187003L, 106365L, 110963L, 90678L, 113371L, 379678L, 129868L, 
237716L, 153590L, 99082L, 263226L, 101258L, 123064L, 226742L, 
159313L, 140602L, 312448L, 150434L, 87852L, 134171L, 187026L, 
137127L, 124367L, 109040L, 146978L, 225885L, 154499L, 189654L, 
172795L, 152822L, 155488L, 154432L, 104749L, 261872L, 182068L, 
210743L, 148989L, 157370L, 284154L, 181140L, 132138L, 77921L, 
49211L, 112649L, 138424L, 218734L, 211517L, 140658L, 101375L, 
168739L, 118409L, 249250L, 147517L, 181225L, 162091L, 106524L, 
200940L, 150798L, 86651L, 102003L, 104984L, 135526L, 240857L, 
121798L, 230414L, 73892L, 177452L, 236819L, 126498L, 74422L, 
357138L, 176618L, 110234L, 143768L, 205498L, 244124L, 164623L, 
26130L, 221925L, 240952L, 150849L, 222330L, 102530L, 91792L, 
139627L, 84333L, 87852L, 146609L, 216530L, 62938L, 64552L, 151950L, 
179524L, 69876L, 117164L, 169124L, 114827L, 111394L, 224888L, 
139079L, 171885L, 124939L, 206512L, 157411L, 118409L, 131411L, 
159843L, 178760L, 193774L, 110770L, 143697L, 122221L, 111534L, 
102806L, 156606L, 271791L, 148967L, 172315L, 184108L, 176698L, 
283851L, 144335L, 196875L, 237583L, 91672L, 157430L, 107743L, 
235152L, 210672L, 85585L, 198622L, 145663L, 82019L, 226705L, 
113514L, 129155L, 122229L, 112153L, 163478L, 205950L, 139079L, 
199187L, 173446L, 130518L, 59003L, 105843L, 197350L, 60309L, 
492114L, 208743L, 185318L, 114513L), Living.Area = c(1644.72, 
1040.72, 1596.72, 2331.72, 956.72, 1940.72, 2244.72, 1586.72, 
1424.72, 1722.72, 5146.72, 1512.72, 1572.72, 2048.72, 1495.72, 
1027.72, 4013.72, 1664.72, 2651.72, 2054.72, 2904.72, 1395.72, 
2108.72, 1088.72, 2100.72, 2660.72, 2673.72, 1142.72, 1360.72, 
3157.72, 3472.72, 1698.72, 2282.72, 1512.72, 2964.72, 1412.72, 
1576.72, 1216.72, 1334.72, 1176.72, 1400.72, 1942.72, 940.72, 
1392.72, 1334.72, 1752.72, 2932.72, 2294.72, 1900.72, 1216.72, 
1600.72, 989.72, 1209.72, 3752.72, 1824.72, 3028.72, 1852.72, 
956.72, 3387.72, 1264.72, 1241.72, 2021.72, 1593.72, 1725.72, 
2951.72, 1698.72, 1008.72, 2165.72, 1863.72, 1924.72, 1304.72, 
1230.72, 1688.72, 2556.72, 1918.72, 2352.72, 1544.72, 1075.72, 
1779.72, 1676.72, 1884.72, 2412.72, 2067.72, 2152.72, 824.72, 
1688.72, 2840.72, 2342.72, 1500.72, 1736.72, 832.72, 1382.72, 
1705.72, 2251.72, 2360.72, 2286.72, 1852.72, 1652.72, 1259.72, 
2636.72, 1712.72, 1976.72, 1838.72, 1340.72, 1148.72, 1244.72, 
1172.72, 1216.72, 1128.72, 1984.72, 1477.72, 1340.72, 2655.72, 
896.72, 2434.72, 2640.72, 752.72, 1740.72, 2650.72, 2194.72, 
1684.72, 1644.72, 3101.72, 2378.72, 1804.72, 854.72, 2504.72, 
2408.72, 1455.72, 2744.72, 1234.72, 940.72, 2012.72, 2075.72, 
1302.72, 2021.72, 2420.72, 1096.72, 1330.72, 1922.72, 1664.72, 
1008.72, 1568.72, 2608.72, 1364.72, 1304.72, 1232.72, 1640.72, 
1568.72, 1131.72, 2148.72, 1698.72, 2160.72, 1544.72, 1382.72, 
2046.72, 1964.72, 943.72, 1408.72, 1202.72, 1064.72, 1280.72, 
1788.72, 2847.72, 1896.72, 2040.72, 2734.72, 1804.72, 2378.72, 
1306.72, 2118.72, 2794.72, 961.72, 1124.72, 1216.72, 3224.72, 
1796.72, 944.72, 1648.72, 1698.72, 1550.72, 2542.72, 1174.72, 
1292.72, 1436.72, 1302.72, 2366.72, 1506.72, 1432.72, 2255.72, 
2156.72, 1232.72, 3317.72, 1004.72, 2532.72, 2071.72, 2595.72, 
1836.72, 1532.72, 1592.72), DistanceC = c(22.8779044114053, 7.20355965383351, 
13.1946625430137, 3.0563639216125, 9.292674979195, 24.6092811990529, 
18.4451264645904, 21.4105378706008, 3.32339242473245, 16.318742711097, 
14.8525457251817, 3.91831567138433, 20.1532605700195, 22.8084580302238, 
24.2626848202199, 24.5653329808265, 21.3343289755285, 9.47401061467826, 
14.1592512726784, 16.565877655521, 12.6164122987539, 15.9177674725652, 
9.36787183210254, 24.375367404893, 24.807880140841, 6.33515904657543, 
6.17323214933276, 13.3569982647896, 6.46105174534023, 14.2813312783837, 
12.9641074500978, 24.173092501238, 13.8939856681973, 5.17025160416961, 
2.7410585116595, 18.8659159187227, 22.0412504859269, 7.48173085227609, 
8.16713454201818, 19.1374813895673, 5.84956813231111, 19.9537847023457, 
21.0563648100942, 18.2446339335293, 6.73133061081171, 11.3088756091893, 
3.0266150161624, 16.5231223274022, 9.36512532271445, 13.2132608294487, 
3.59174006059766, 19.645617287606, 4.53994875773787, 10.7990146707743, 
11.8707215636969, 7.34223383851349, 10.5215105544776, 16.1170917842537, 
13.9350683428347, 23.4923500046134, 12.5277522262186, 5.30989367514849, 
22.2209019847214, 22.1151112578809, 1.26988993957639, 9.47911172918975, 
15.2607991099358, 12.7077868059278, 14.1422577966005, 16.9568305574358, 
10.1502037718892, 21.7362951617688, 14.4575356524438, 16.5914597548544, 
2.58135455660522, 8.68661864288151, 12.0651649311185, 22.0427114963531, 
7.91927390359342, 10.2150394190103, 14.4342808332294, 1.21235376782715, 
11.0638271998614, 19.4652306009084, 11.0752199720591, 3.26309427060187, 
16.5482289660722, 7.0686095431447, 7.43008275516331, 2.88893243297935, 
2.58934698626399, 10.8587715998292, 2.95709205232561, 21.0268538724631, 
12.5428281296045, 2.09143849089742, 1.44031695276499, 18.0187788587064, 
24.9320090468973, 7.15733392722905, 19.3553124014288, 6.19646430388093, 
18.6685378346592, 22.5773375332355, 2.06065603531897, 22.0852994434536, 
22.0722842309624, 7.79351057112217, 7.28473957069218, 9.89401321485639, 
17.4693041741848, 5.0595135204494, 14.6217228360474, 5.53405477851629, 
12.2128680683672, 10.7135999482125, 9.18275465071201, 19.6568122915924, 
11.9141980875283, 10.2294005025178, 21.5133448466659, 10.0720522534102, 
8.64902572333813, 24.8388297650963, 7.71315540000796, 8.90436848439276, 
23.784541958943, 17.792875437066, 12.9950113818049, 16.308202445507, 
12.9486207272857, 16.6740123424679, 2.41269458830357, 20.2378407623619, 
2.82184198126197, 21.0570712648332, 8.54762253165245, 10.3191542848945, 
6.58954496309161, 21.8819044046104, 13.6287732217461, 17.2162902578712, 
22.6634847223759, 13.6846277993172, 24.5993170272559, 11.7202130649239, 
17.2314708288759, 15.2612816169858, 4.41880098730326, 23.5836737342179, 
12.4519426617771, 6.15525262616575, 7.94649424031377, 19.6043315026909, 
5.39404755830765, 18.2768871728331, 5.00257369317114, 22.3475833814591, 
12.6289276760072, 1.39785359427333, 10.9526520110667, 17.8435880746692, 
1.79948695749044, 4.75415547378361, 8.7912648934871, 4.9558346811682, 
13.1601573880762, 19.5694476198405, 11.7518577612936, 3.0001480281353, 
6.82108980789781, 8.4944026209414, 7.82639218494296, 10.2076585721225, 
19.5022504609078, 7.6758833900094, 12.5792991984636, 9.29099116101861, 
6.09405581466854, 3.39894668757915, 11.576956672594, 3.75920003093779, 
9.10270809009671, 11.0308927185833, 23.5494300778955, 20.7129371650517, 
20.530714970082, 18.1553744710982, 2.82298866473138, 1.01960619352758, 
11.2651045564562, 12.4511414635926, 2.44044860079885, 16.1439613774419, 
5.08002561330795, 23.304543254897, 17.4857704229653, 20.7894428800792, 
10.0333234407008, 8.93441622704268),