structure(list(Price = c(150909L, 345364L, 181225L, 160995L, 
102405L, 236055L, 116938L, 217314L, 256417L, 106524L, 90678L, 
153850L, 102287L, 110738L, 142057L, 193524L, 81762L, 298923L, 
242955L, 265637L, 102806L, 178216L, 160349L, 304045L, 135823L, 
199990L, 432845L, 88092L, 182056L, 119858L, 206480L, 152112L, 
89232L, 189836L, 153590L, 222330L, 104371L, 149933L, 178216L, 
26049L, 117164L, 244443L, 297380L, 166335L, 189108L, 181140L, 
124939L, 161118L, 59043L, 263408L, 156164L, 123757L, 94405L, 
140945L, 277828L, 163781L, 139435L, 236936L, 154432L, 67951L, 
184654L, 169343L, 378465L, 130650L, 146609L, 111534L, 124939L, 
194877L, 140701L, 179524L, 118517L, 63101L, 120639L, 136192L, 
192694L, 101258L, 137309L, 237367L, 184315L, 203240L, 137508L, 
81580L, 252872L, 95260L, 282655L, 114514L, 137508L, 240857L, 
150505L, 138297L, 272902L, 64174L, 184109L, 191790L, 106950L, 
172814L, 119784L, 200510L, 146978L, 160571L, 168497L, 151950L, 
452745L, 146611L, 77650L, 50483L, 144335L, 133155L, 90354L, 241885L, 
103258L, 134171L, 101375L, 167319L, 247520L, 222198L, 159313L, 
232219L, 235620L, 194880L, 285500L, 135011L, 128273L, 75606L, 
173082L, 207237L, 105363L, 155414L, 98389L, 94584L, 154696L, 
103262L, 100839L, 116321L, 139418L, 218734L, 189912L, 106659L, 
108421L, 118007L, 269063L, 110963L, 193565L, 216841L, 357138L, 
201616L, 297024L, 54210L, 120639L, 228291L, 198622L, 82019L, 
103677L, 49211L, 206512L, 85585L, 156820L, 295426L, 308253L, 
230414L, 237583L, 240952L, 173723L, 161923L, 340545L, 150502L, 
174208L, 157055L, 254944L, 155713L, 85560L, 150581L, 98333L, 
225885L, 196846L, 232894L, 242952L, 86651L, 329221L, 78191L, 
221925L, 108593L, 366772L, 189654L, 123834L, 355529L, 158565L, 
155787L, 183657L, 326330L, 40932L, 135526L, 190983L, 127055L, 
77547L, 110889L, 177998L, 129609L, 144571L, 311709L), Living.Area = c(1476.705, 
3272.705, 1908.705, 1308.705, 1644.705, 2369.705, 952.705, 2462.705, 
2716.705, 1108.705, 921.705, 2364.705, 846.705, 1764.705, 916.705, 
1694.705, 972.705, 3479.705, 1918.705, 2994.705, 1444.705, 1476.705, 
1696.705, 2924.705, 1910.705, 1975.705, 3214.705, 1536.705, 2360.705, 
1440.705, 2274.705, 1476.705, 924.705, 1690.705, 1784.705, 2676.705, 
1427.705, 1628.705, 1476.705, 1308.705, 1500.705, 2774.705, 2870.705, 
1628.705, 2061.705, 2612.705, 1642.705, 1851.705, 1632.705, 1702.705, 
1756.705, 1380.705, 1339.705, 1837.705, 2952.705, 1088.705, 1630.705, 
2464.705, 1608.705, 1004.705, 2176.705, 1760.705, 3421.705, 2074.705, 
1953.705, 996.705, 1063.705, 2030.705, 1518.705, 2564.705, 1556.705, 
1592.705, 1462.705, 1587.705, 2043.705, 1196.705, 1056.705, 2900.705, 
2116.705, 2428.705, 1128.705, 1300.705, 2576.705, 1444.705, 2895.705, 
1478.705, 1494.705, 1409.705, 1749.705, 1764.705, 2984.705, 636.705, 
1884.705, 2268.705, 1436.705, 2020.705, 1524.705, 1770.705, 1620.705, 
1258.705, 1852.705, 1854.705, 1728.705, 1544.705, 1584.705, 707.705, 
1238.705, 1444.705, 876.705, 2568.705, 1308.705, 2097.705, 924.705, 
2052.705, 2409.705, 2459.705, 1525.705, 2505.705, 2071.705, 2242.705, 
3292.705, 2452.705, 1307.705, 876.705, 1620.705, 2620.705, 828.705, 
2274.705, 1148.705, 888.705, 1668.705, 1140.705, 1444.705, 1450.705, 
1260.705, 2183.705, 2280.705, 900.705, 1252.705, 1658.705, 3283.705, 
1532.705, 2131.705, 2436.705, 2582.705, 2083.705, 2984.705, 756.705, 
1462.705, 1950.705, 1580.705, 1482.705, 1339.705, 764.705, 1420.705, 
876.705, 1684.705, 3334.705, 2844.705, 2587.705, 2726.705, 2340.705, 
1512.705, 1420.705, 2890.705, 1632.705, 2336.705, 1800.705, 2543.705, 
3499.705, 2032.705, 1628.705, 876.705, 2488.705, 2108.705, 2464.705, 
1672.705, 1104.705, 2898.705, 1044.705, 2436.705, 1444.705, 3164.705, 
1298.705, 1056.705, 2150.705, 1476.705, 1504.705, 1214.705, 1290.705, 
1284.705, 1384.705, 2052.705, 983.705, 872.705, 1230.705, 2528.705, 
1599.705, 1476.705, 2992.705), DistanceC = c(21.2596563380212, 
20.7697537727654, 14.5937951505184, 23.9389390461147, 13.7802287079394, 
20.0067427456379, 12.1390967704356, 4.74746605008841, 16.0940435342491, 
18.5692439042032, 23.9248653501272, 17.319102531299, 19.2834908124059, 
21.0646974556148, 17.4252761043608, 6.86015363410115, 21.3890432678163, 
20.0170049332082, 10.7838621344417, 16.7519912049174, 14.7189245149493, 
17.9334224518389, 18.9541537780315, 3.60628953576088, 19.0036514028907, 
10.0892199166119, 8.08759811520576, 3.737812878564, 9.20332314260304, 
24.8613694291562, 4.0167278200388, 21.8472067005932, 6.20821420103312, 
4.76926429569721, 12.2912822756916, 3.66528388485312, 6.26118724234402, 
20.9336138274521, 1.86682256311178, 17.1991022545844, 3.92383458465338, 
7.33613704331219, 24.678862746805, 23.0614543892443, 13.8390161246061, 
21.6425180714577, 16.2393809296191, 14.9514467846602, 4.65671335719526, 
21.2493738047779, 5.28487733751535, 5.25036256015301, 12.2243667878211, 
7.08598940260708, 19.1130239963531, 4.66922300681472, 11.2168245930225, 
2.08495714515448, 17.7937953788787, 11.6707103438675, 12.1050000824034, 
20.6970171760768, 12.8769713528454, 23.1883446071297, 9.577019225806, 
2.86679822951555, 24.9983783531934, 1.19942492805421, 15.0837424471974, 
2.19252209737897, 22.7348518837243, 18.2902786489576, 21.9061866886914, 
13.4761633574963, 21.7584703471512, 16.4301457535475, 4.6250524725765, 
21.7521981298923, 24.4777184333652, 12.5703303385526, 5.43970589712262, 
12.4963539969176, 21.5707308705896, 10.2687424011528, 12.5089176148176, 
4.65663275122643, 23.0738885514438, 10.7188503053039, 19.512021407485, 
7.9493262283504, 14.3313245754689, 24.2492008469999, 7.00104657560587, 
10.8198972828686, 4.10498425923288, 8.38366263732314, 13.1741162184626, 
11.5781302172691, 1.87673802487552, 9.761474320665, 20.4839750919491, 
7.24923001788557, 7.82783144153655, 10.8518954496831, 17.1336343493313, 
22.2044251188636, 8.81536297127604, 8.20526143349707, 10.9918227512389, 
24.6636108011007, 6.78259873390198, 18.3931118045002, 10.0549013093114, 
3.73896740749478, 1.6943488959223, 5.42560461349785, 24.6757721211761, 
22.8173392098397, 6.69569750316441, 19.7752047069371, 7.22304648347199, 
22.7457748055458, 7.35269302874804, 13.7379238400608, 21.4200790803879, 
18.1606049910188, 1.50302629545331, 14.7704202961177, 3.30571266077459, 
23.7354495096952, 16.4840490967035, 16.1141376774758, 19.0307713020593, 
14.3651687949896, 13.0432227645069, 13.017044890672, 13.6663318313658, 
23.3986845891923, 24.2703317757696, 4.0827502887696, 17.2190524358302, 
23.5533218402416, 7.08294853754342, 16.0757531262934, 13.4688166081905, 
23.4110012091696, 10.4215396009386, 19.5542606506497, 8.05920846387744, 
6.106330960989, 2.50087969191372, 12.0056829173118, 8.03075214847922, 
22.3237971663475, 21.2858544178307, 9.1170456930995, 14.4042186737061, 
6.96002513356507, 15.1461482532322, 16.4287253059447, 6.57239825464785, 
22.2905593439937, 2.7087485268712, 7.5192643776536, 6.65669029951096, 
9.86727620661259, 13.1441850177944, 12.6481573376805, 1.55124372430146, 
5.78871423006058, 13.8276345059276, 13.4495001882315, 13.7906335499138, 
13.4724335838109, 15.1689885538071, 22.7738750632852, 15.9996999613941, 
2.97062913328409, 19.8028717152774, 5.78009643778205, 20.3248363789171, 
13.0698855035007, 22.4754097629339, 3.88268732465804, 24.1401813607663, 
13.5382894314826, 3.69893193431199, 24.6309935133904, 22.1524714902043, 
2.67224073410034, 10.0181743465364, 9.9999446682632, 5.63313503749669, 
23.5791113357991, 22.2639389950782, 12.1485148780048, 21.2779374755919, 
1.0903187841177, 21.4579667523503, 1.21119610406458),