structure(list(Price = c(102806L, 149078L, 101258L, 98790L, 243276L, 
118007L, 284154L, 191988L, 562546L, 163524L, 113600L, 169647L, 
89893L, 233155L, 104984L, 202836L, 189108L, 79170L, 237583L, 
126049L, 226742L, 74422L, 318121L, 136203L, 109042L, 260228L, 
191746L, 77650L, 112153L, 180670L, 297024L, 308750L, 113740L, 
145123L, 99463L, 135167L, 228375L, 168739L, 357384L, 100967L, 
128717L, 303599L, 88092L, 268260L, 212103L, 102068L, 124669L, 
115401L, 119937L, 152466L, 51183L, 265637L, 155414L, 272902L, 
153013L, 160692L, 185487L, 117703L, 102806L, 236055L, 148246L, 
163652L, 181140L, 170345L, 181516L, 432845L, 204643L, 171171L, 
229180L, 72189L, 189995L, 230414L, 159843L, 98333L, 123266L, 
238832L, 166019L, 185323L, 311709L, 109578L, 232989L, 93174L, 
114519L, 108459L, 133067L, 129868L, 59043L, 198622L, 282655L, 
175784L, 278936L, 162984L, 160007L, 146609L, 74422L, 66027L, 
198622L, 124013L, 200126L, 107513L, 212846L, 252872L, 45904L, 
142212L, 181979L, 133595L, 107912L, 92519L, 260887L, 224818L, 
183657L, 171885L, 126311L, 119001L, 178140L, 455140L, 94584L, 
93895L, 130574L, 103958L, 150581L, 236742L, 103677L, 107892L, 
125562L, 118468L, 240952L, 146161L, 198622L, 148496L, 233876L, 
189736L, 83617L, 147517L, 90446L, 190983L, 115659L, 92436L, 197105L, 
132311L, 181140L, 90446L, 152404L, 194880L, 123827L, 142057L, 
270841L, 206688L, 210743L, 103258L, 118409L, 119858L, 31113L, 
309808L, 226304L, 85560L, 247520L, 112153L, 74421L, 244443L, 
101193L, 122257L, 55851L, 105843L, 26130L, 310696L, 236215L, 
199684L, 184515L, 138424L, 297174L, 329328L, 177539L, 157430L, 
159175L, 116289L, 213249L, 137044L, 173082L, 157370L, 218734L, 
229055L, 312434L, 224668L, 155713L, 179524L, 506149L, 130229L, 
337918L, 67951L, 208339L, 119166L, 193524L, 304045L, 183610L, 
130239L, 104267L, 180803L, 285500L, 223055L), Living.Area = c(1169.8, 
1585.8, 1153.8, 1401.8, 3192.8, 1615.8, 2729.8, 2017.8, 5149.8, 
2437.8, 1161.8, 1351.8, 1401.8, 3157.8, 1065.8, 1989.8, 2018.8, 
1457.8, 2683.8, 1189.8, 1910.8, 1629.8, 2813.8, 1400.8, 801.8, 
2013.8, 1587.8, 1541.8, 1191.8, 2231.8, 2941.8, 2879.8, 1841.8, 
1293.8, 833.8, 1531.8, 2433.8, 1541.8, 2243.8, 909.8, 1136.8, 
3250.8, 3865.8, 2578.8, 2091.8, 1093.8, 1013.8, 1401.8, 1949.8, 
1521.8, 1065.8, 2951.8, 2231.8, 2941.8, 1641.8, 1421.8, 2192.8, 
1413.8, 1401.8, 2326.8, 1312.8, 1829.8, 2231.8, 1873.8, 2125.8, 
3171.8, 1664.8, 1705.8, 2231.8, 1515.8, 2071.8, 2544.8, 1271.8, 
833.8, 1553.8, 2793.8, 1031.8, 1583.8, 2949.8, 1263.8, 2169.8, 
943.8, 1349.8, 1213.8, 1247.8, 1713.8, 1589.8, 1945.8, 2852.8, 
1758.8, 3042.8, 1793.8, 1586.8, 1910.8, 2629.8, 1574.8, 1892.8, 
1445.8, 1611.8, 929.8, 2191.8, 2533.8, 1249.8, 1903.8, 1743.8, 
1587.8, 1229.8, 1202.8, 2097.8, 2659.8, 1171.8, 1457.8, 1392.8, 
1427.8, 2121.8, 1685.8, 845.8, 881.8, 1521.8, 1407.8, 1585.8, 
2333.8, 1296.8, 1296.8, 1174.8, 1219.8, 2297.8, 905.8, 1537.8, 
1391.8, 2355.8, 2509.8, 1193.8, 1601.8, 1177.8, 2009.8, 1163.8, 
1221.8, 1815.8, 1433.8, 2569.8, 1121.8, 1429.8, 2199.8, 1223.8, 
873.8, 2227.8, 2205.8, 2041.8, 1265.8, 2049.8, 1397.8, 1461.8, 
2191.8, 1842.8, 1989.8, 2366.8, 1755.8, 1849.8, 2731.8, 1296.8, 
1777.8, 911.8, 893.8, 743.8, 2764.8, 1987.8, 2196.8, 1393.8, 
1594.8, 2669.8, 3463.8, 1449.8, 1013.8, 1433.8, 1028.8, 1825.8, 
1273.8, 1577.8, 1577.8, 2140.8, 2421.8, 3361.8, 2447.8, 3456.8, 
2521.8, 2507.8, 1169.8, 2947.8, 961.8, 2030.8, 833.8, 1651.8, 
2881.8, 2491.8, 973.8, 977.8, 1491.8, 3249.8, 2589.8), DistanceC = c(15.5219769943506, 
1.41340987570584, 20.6364581268281, 3.92280465550721, 1.06889653392136, 
3.97947067394853, 5.85777576453984, 10.5127720739692, 8.22276373021305, 
12.2730423770845, 11.2652882486582, 21.7757298815995, 15.0929250400513, 
8.70124072209001, 5.32405571639538, 12.0282229557633, 5.58701171539724, 
17.8366343080997, 2.3760078754276, 20.040319448337, 17.3768016863614, 
22.0557598285377, 24.8846549820155, 12.6060304120183, 8.73553697764874, 
19.9526795651764, 12.4681495688856, 10.7703881133348, 14.0330271255225, 
2.02105999179184, 7.23878603801131, 18.9368304293603, 4.38259760849178, 
23.3117588441819, 11.2886167895049, 22.4930734280497, 16.6770401373506, 
10.6639667432755, 15.7486762776971, 8.50493026897311, 24.0013548377901, 
7.85789542831481, 5.79184088669717, 15.5068261958659, 2.05496282875538, 
5.00402102991939, 11.1311476398259, 17.0607248172164, 2.15548451244831, 
16.2475165333599, 5.61723000183702, 21.0011215414852, 21.2394283581525, 
12.6834226753563, 14.0174322482198, 19.5355201847851, 4.06155878119171, 
2.25839340128005, 7.18520307913423, 17.6524894498289, 11.3220179025084, 
10.7929697539657, 16.2664284426719, 17.0284110829234, 1.91364893130958, 
22.3654371425509, 24.4195987582207, 7.5080475192517, 3.23896625265479, 
16.8079258631915, 15.5955775137991, 15.4166604150087, 18.8445897251368, 
7.30197504907846, 9.61134522594512, 23.4251490626484, 12.556070016697, 
23.987968351692, 3.79960079304874, 4.8497564047575, 5.79452059231699, 
22.0416668653488, 22.0075742118061, 17.1131208874285, 13.8410038705915, 
16.3102868627757, 1.65792268142104, 8.2244354840368, 6.68070396594703, 
4.47730678319931, 21.0295923799276, 23.422984642908, 18.9334546737373, 
6.62457441166043, 1.87922841124237, 17.6588842272758, 13.2528917361051, 
13.8409670852125, 5.14568817988038, 20.340111900121, 15.7333848588169, 
14.4556863307953, 9.23217327333987, 15.4980278965086, 17.7318259850144, 
20.5955188944936, 11.0314055010676, 20.8006423600018, 18.8528583999723, 
6.74221755191684, 13.8773718252778, 11.6229747403413, 22.1814002767205, 
18.6970163788646, 24.7129376139492, 11.9102422315627, 2.35070332884789, 
10.2468430027366, 7.4551985245198, 16.6548711378127, 8.48884226195514, 
2.96407765336335, 15.4582232609391, 22.8919598627836, 13.6128063667566, 
24.6297794338316, 10.0432794261724, 22.985919220373, 14.6427133344114, 
13.2556513883173, 22.6085581611842, 14.4307418093085, 21.7384597491473, 
10.6168841291219, 14.618200307712, 23.8289262987673, 13.600763393566, 
5.21886650286615, 20.9367668312043, 7.07431662455201, 5.86035513877869, 
22.5987128391862, 9.06779634580016, 1.64362284168601, 8.99008805677295, 
22.9415391776711, 14.7565877866, 20.9032701700926, 8.81830671802163, 
8.6946936622262, 21.7601342946291, 23.2406819760799, 7.42947507277131, 
14.9336260091513, 6.20131064765155, 5.11187392286956, 1.01481349393725, 
11.1291270758957, 11.3559412136674, 21.880052132532, 8.57457135058939, 
1.48892644792795, 11.0893670879304, 16.2733563482761, 19.2148116715252, 
22.2669293228537, 2.67659549042583, 22.0166568923742, 13.5541376210749, 
14.2865750305355, 5.08946991153061, 10.8597845528275, 8.16501247324049, 
5.56698485091329, 24.3893789406866, 7.77636648342013, 24.8767807316035, 
12.4537248834968, 20.8587031438947, 11.1335613261908, 17.348387112841, 
10.8282723352313, 19.7421869207174, 16.9333108533174, 18.4795123841614, 
3.19355805777013, 3.15441122278571, 18.330016201362, 5.43363352678716, 
13.7838927060366, 11.0550003517419, 6.79410476237535, 8.10023120231926, 
1.31852164119482, 23.0697028581053, 13.1639197506011, 10.101872773841, 
4.21171548031271, 20.4683158919215, 16.1481327041984), City.Area = structure(c(2L, 
3L, 1L, 3L, 3L, 3L, 3L, 2L, 3L, 3L, 3L, 3L, 3L, 2L, 2L, 3L, 2L, 
3L, 1L, 1L, 1L, 1L, 1L, 2L, 2L, 3L, 3L, 3L, 1L, 1L, 1L, 2L, 2L, 
1L, 2L, 2L, 2L, 3L, 2L, 3L, 3L, 2L, 1L, 2L, 1L, 2L, 3L, 1L, 1L, 
3L, 1L, 2L, 3L, 1L, 1L, 1L, 3L, 3L, 2L, 3L, 3L, 1L, 2L, 1L, 1L, 
1L, 2L, 2L, 2L, 3L, 3L, 1L, 3L, 2L, 3L, 1L, 1L, 1L, 3L, 1L, 2L, 
2L, 1L, 3L, 1L, 3L, 1L, 1L, 3L, 3L, 2L, 1L, 1L, 1L, 2L, 3L, 3L, 
2L, 1L, 2L, 2L, 2L, 3L, 3L, 2L, 3L, 2L, 2L, 3L, 1L, 1L, 3L, 2L, 
1L, 2L, 3L, 2L, 2L, 3L, 2L, 1L, 3L, 1L, 3L, 2L, 2L, 3L, 1L, 1L, 
1L, 1L, 2L, 2L, 1L, 3L, 3L, 3L, 1L, 2L, 3L, 2L, 1L, 2L, 1L, 2L, 
3L, 2L, 1L, 2L, 2L, 2L, 2L, 1L, 1L, 2L, 3L, 3L, 1L, 3L, 3L, 3L, 
3L, 3L, 1L, 2L, 3L, 2L, 1L, 1L, 2L, 3L, 1L, 3L, 2L, 3L, 3L, 1L, 
3L, 3L, 2L, 1L, 2L, 1L, 1L, 3L, 3L, 3L, 2L, 2L, 1L, 3L, 2L, 1L, 
2L, 2L, 1L, 2L, 3L, 2L, 1L), .Label = c("Harbour", "Hills", "Riverside"
), class = "factor"),