structure(list(Price = c(107513L, 142212L, 94064L, 122257L, 178216L, 
229180L, 142302L, 73892L, 182649L, 111239L, 157513L, 160571L, 
176618L, 79170L, 107912L, 261301L, 232219L, 194880L, 129868L, 
161496L, 154238L, 272902L, 139079L, 122221L, 74422L, 64552L, 
121680L, 96004L, 103677L, 296708L, 110889L, 240890L, 165957L, 
120476L, 172814L, 127303L, 45904L, 121973L, 118409L, 90354L, 
133595L, 148401L, 100967L, 139627L, 160692L, 96934L, 119875L, 
198622L, 199733L, 214367L, 104339L, 155414L, 188497L, 164419L, 
504119L, 115248L, 135820L, 139219L, 134266L, 162913L, 112400L, 
40932L, 154798L, 134171L, 181140L, 102530L, 265848L, 181399L, 
209371L, 84291L, 262461L, 229761L, 110738L, 170534L, 102801L, 
329328L, 90446L, 180817L, 154829L, 225742L, 214749L, 152786L, 
220776L, 49564L, 143294L, 183657L, 317120L, 284154L, 167253L, 
238832L, 129155L, 133067L, 218184L, 94584L, 204643L, 161562L, 
138424L, 147412L, 69152L, 112877L, 325262L, 104084L, 137681L, 
285500L, 366772L, 191746L, 108478L, 124939L, 114513L, 132311L, 
210081L, 234429L, 199990L, 179492L, 116795L, 175514L, 174208L, 
189995L, 205947L, 151917L, 89955L, 228375L, 140510L, 189736L, 
201616L, 147517L, 209371L, 146611L, 196846L, 137540L, 59043L, 
237716L, 240639L, 126311L, 104412L, 111546L, 220765L, 271791L, 
222330L, 173639L, 179572L, 207347L, 155929L, 112649L, 101708L, 
578856L, 104556L, 75399L, 236737L, 163781L, 98423L, 236936L, 
193565L, 135167L, 185487L, 432845L, 180032L, 183610L, 106117L, 
251259L, 54210L, 117907L, 130229L, 227314L, 127385L, 105843L, 
194877L, 261011L, 52360L, 178767L, 143252L, 208635L, 184315L, 
163478L, 116938L, 161118L, 140765L, 148989L, 163728L, 212103L, 
158338L, 189108L, 110963L, 285769L, 147625L, 102806L, 111633L, 
102068L, 98256L, 160007L, 99463L, 140269L, 134865L, 109578L, 
77547L, 242955L, 312448L, 26049L, 236215L, 262461L), Living.Area = c(991.44, 
1965.44, 1463.44, 1839.44, 1495.44, 2293.44, 1225.44, 847.44, 
1741.44, 895.44, 2147.44, 1277.44, 2145.44, 1519.44, 1291.44, 
1842.44, 2524.44, 2261.44, 1775.44, 1893.44, 1967.44, 3003.44, 
1383.44, 1423.44, 1691.44, 1281.44, 1395.44, 895.44, 1358.44, 
3193.44, 1249.44, 1904.44, 1195.44, 1231.44, 2039.44, 1193.44, 
1311.44, 2251.44, 2111.44, 895.44, 1649.44, 1839.44, 971.44, 
1963.44, 1483.44, 1463.44, 1495.44, 1599.44, 823.44, 2483.44, 
1273.44, 2293.44, 2093.44, 1768.44, 3704.44, 1683.44, 1458.44, 
2291.44, 1484.44, 1994.44, 1358.44, 1303.44, 2453.44, 2116.44, 
2631.44, 1185.44, 2976.44, 1825.44, 2059.44, 907.44, 2915.44, 
2213.44, 1783.44, 1803.44, 1167.44, 3525.44, 1183.44, 1798.44, 
1423.44, 2199.44, 2269.44, 1561.44, 2404.44, 1346.44, 1901.44, 
1233.44, 3059.44, 2791.44, 1855.44, 2855.44, 1225.44, 1309.44, 
2638.44, 907.44, 1726.44, 2027.44, 1656.44, 1804.44, 969.44, 
1363.44, 3479.44, 1285.44, 1711.44, 3311.44, 3183.44, 1649.44, 
1823.44, 1082.44, 1543.44, 1495.44, 1991.44, 1453.44, 1994.44, 
2013.44, 1387.44, 2293.44, 2355.44, 2133.44, 1207.44, 1493.44, 
1199.44, 2495.44, 1573.44, 2571.44, 2102.44, 1663.44, 2067.44, 
1563.44, 2127.44, 1534.44, 1651.44, 2979.44, 2555.44, 1454.44, 
1463.44, 1543.44, 2041.44, 2798.44, 2695.44, 1893.44, 1719.44, 
2102.44, 2584.44, 1333.44, 1475.44, 2455.44, 1656.44, 971.44, 
3222.44, 1107.44, 1338.44, 2483.44, 2150.44, 1593.44, 2254.44, 
3233.44, 2049.44, 2553.44, 1463.44, 1915.44, 775.44, 1278.44, 
1231.44, 2747.44, 1399.44, 955.44, 2049.44, 2998.44, 1293.44, 
2274.44, 1551.44, 2697.44, 2135.44, 2317.44, 971.44, 1870.44, 
1579.44, 775.44, 1794.44, 1383.44, 1819.44, 2080.44, 1551.44, 
3108.44, 1651.44, 1463.44, 1547.44, 1155.44, 1463.44, 1648.44, 
895.44, 1227.44, 1659.44, 1325.44, 891.44, 1937.44, 2902.44, 
1327.44, 1375.44, 2792.44), DistanceC = c(8.24358402006328, 9.6600250788033, 
12.9213757589459, 2.69730041176081, 6.71964158862829, 14.9935266822577, 
3.62940348871052, 5.01872159726918, 24.9058339502662, 7.06906882114708, 
9.06918671913445, 20.3695821799338, 6.84777149558067, 18.6761625278741, 
22.3613070156425, 16.8266043420881, 12.0250733774155, 21.5524167809635, 
24.6578253712505, 8.66916834190488, 17.8822239097208, 24.2233726717532, 
20.0945940651, 10.8155526183546, 19.8503467030823, 6.89549426920712, 
16.5355185586959, 12.2274645604193, 17.9453366231173, 21.7213439475745, 
24.7079196926206, 11.1189035344869, 12.6378693114966, 17.6282667443156, 
11.9343481436372, 6.3498758636415, 12.5596629977226, 20.6231304593384, 
4.89853908680379, 11.8959897942841, 9.9475509673357, 12.8202458284795, 
21.0259390100837, 5.27471200563014, 19.1751103568822, 2.05006337724626, 
10.2081355024129, 23.3968527410179, 20.3377401344478, 13.9525578431785, 
4.32002353295684, 23.904554400593, 22.5768831893802, 24.531105093658, 
10.1358512546867, 2.29703992605209, 20.832453224808, 5.94800411351025, 
13.0987554378808, 9.16604409180582, 10.5957634598017, 19.4906405303627, 
16.3742936402559, 23.7751187440008, 15.1875013168901, 20.4867301229388, 
23.0402498058975, 23.9323454387486, 22.2427228223532, 5.31897328235209, 
8.48756949231029, 6.41396127454937, 18.831256614998, 22.2275768630207, 
19.442813815549, 7.15906292386353, 22.8653841782361, 1.22105279751122, 
6.83049592375755, 2.75248972885311, 11.8020200654864, 16.979874862358, 
6.16544348374009, 22.5988765712827, 13.6856349296868, 16.6434849258512, 
21.7792978342623, 1.02445025742054, 8.40138651244342, 6.80408791638911, 
16.0476740021259, 1.2406910546124, 21.2522694785148, 7.35219887644053, 
24.1212186403573, 15.2811476998031, 13.7297218348831, 2.18875818699598, 
5.5379790905863, 3.74508530274034, 4.22965481504798, 1.13568749465048, 
5.37537104077637, 18.9758326597512, 10.5840636976063, 12.5523329563439, 
7.24636098183692, 14.1819998640567, 18.4164910390973, 4.33269736170769, 
16.6893521416932, 17.8260792512447, 10.2375964894891, 1.62970069609582, 
9.67987813614309, 19.5542097333819, 23.9837558139116, 4.58598887547851, 
23.0185326356441, 9.04503354430199, 7.97003007680178, 9.60031812824309, 
15.8984570037574, 21.827582038939, 18.6689729392529, 10.2068183254451, 
3.90016731992364, 8.37028466723859, 14.5459938552231, 4.69479997642338, 
17.1014460753649, 4.17049814201891, 19.2793857976794, 1.63768906891346, 
21.9467529263347, 12.9887756872922, 15.8597094323486, 11.9678723029792, 
21.5370909459889, 2.42080980166793, 12.0719097200781, 1.56075869314373, 
8.98721432127059, 2.05146820656955, 22.1184611748904, 14.6755185220391, 
7.62689949199557, 5.19479318521917, 10.4259395860136, 8.97690462507308, 
17.3749484475702, 10.7321897298098, 18.0580857992172, 9.87054870836437, 
20.4595434702933, 5.19799644686282, 21.2117378022522, 11.973948545754, 
20.4244917426258, 22.2126331701875, 16.5926604624838, 4.5081823002547, 
3.73294528387487, 13.4658537115902, 21.0609740186483, 14.4731686674058, 
4.02301962301135, 9.55239892192185, 19.4301540907472, 10.5005529075861, 
23.0228445157409, 7.40762929059565, 17.5647263973951, 4.20766800455749, 
17.0434953123331, 23.3307983539999, 1.0084473323077, 7.09748693183064, 
11.8858008924872, 17.1432798076421, 8.03759998455644, 14.2903359122574, 
12.5760523397475, 9.80999843776226, 3.68945885822177, 24.1946501415223, 
19.250200625509, 24.2707208693027, 15.0971169639379, 10.8748109918088, 
21.8025590404868, 15.9657520074397, 22.6247771605849, 1.28352264128625, 
4.57210923172534, 18.6384274121374, 7.90935698337853, 7.9170283973217, 
5.01846028864384, 14.0731792524457),