structure(list(Price = c(113600L, 172814L, 148989L, 230708L, 
224818L, 129470L, 166222L, 98632L, 192694L, 103262L, 124939L, 
79116L, 312434L, 199187L, 85560L, 44873L, 133155L, 221263L, 337918L, 
150849L, 95708L, 157370L, 163524L, 115659L, 160571L, 125920L, 
133595L, 234429L, 187003L, 130782L, 107049L, 189665L, 160635L, 
143294L, 200793L, 206512L, 210672L, 49564L, 130574L, 179524L, 
125361L, 143252L, 206512L, 173446L, 196846L, 205070L, 81762L, 
229055L, 243276L, 209555L, 124013L, 99045L, 136551L, 152822L, 
205950L, 119858L, 220776L, 265637L, 140658L, 229180L, 326330L, 
107411L, 167253L, 181225L, 99574L, 241885L, 160692L, 134171L, 
158565L, 260887L, 175514L, 244124L, 89432L, 206931L, 31113L, 
432845L, 148692L, 146626L, 77650L, 129155L, 168739L, 150434L, 
169124L, 509488L, 92519L, 176618L, 180927L, 187701L, 394532L, 
161839L, 240590L, 86651L, 283851L, 100003L, 218184L, 116589L, 
115401L, 218184L, 67951L, 81762L, 147412L, 223055L, 262461L, 
162984L, 207751L, 237062L, 217797L, 119166L, 244382L, 237583L, 
152786L, 249250L, 111875L, 163191L, 355529L, 152491L, 261872L, 
142302L, 208610L, 122229L, 102287L, 156679L, 231749L, 156164L, 
196875L, 325262L, 111809L, 171885L, 232894L, 94584L, 285769L, 
156606L, 75606L, 126311L, 115566L, 155855L, 59043L, 65550L, 199733L, 
101230L, 206688L, 104984L, 151950L, 154499L, 141029L, 193565L, 
247125L, 332888L, 387652L, 200791L, 226705L, 109040L, 159843L, 
235152L, 45004L, 140269L, 200713L, 160995L, 170534L, 171171L, 
219262L, 26130L, 238792L, 147634L, 253433L, 188497L, 163781L, 
210743L, 69152L, 124939L, 94064L, 101708L, 104556L, 227314L, 
106117L, 112153L, 105843L, 267731L, 69876L, 64174L, 144561L, 
104084L, 150505L, 222330L, 155488L, 82019L, 278936L, 156797L, 
131165L, 304045L, 354739L, 163310L, 242952L, 205950L, 198622L, 
193524L, 236936L, 121798L, 263226L, 60309L), Living.Area = c(1195.725, 
2011.725, 747.725, 2503.725, 2693.725, 2043.725, 1453.725, 1361.725, 
2034.725, 1131.725, 1633.725, 863.725, 3395.725, 2178.725, 2023.725, 
837.725, 1435.725, 1955.725, 2981.725, 1378.725, 867.725, 1611.725, 
2471.725, 1197.725, 1249.725, 1560.725, 1621.725, 1425.725, 1823.725, 
1229.725, 1547.725, 2158.725, 1291.725, 1873.725, 1895.725, 2071.725, 
1719.725, 1318.725, 1555.725, 1587.725, 1128.725, 1523.725, 1411.725, 
2079.725, 2099.725, 2415.725, 867.725, 2455.725, 3226.725, 2494.725, 
1479.725, 892.725, 1835.725, 998.725, 2239.725, 1431.725, 2376.725, 
2985.725, 2209.725, 2265.725, 1281.725, 795.725, 1827.725, 1899.725, 
1583.725, 2559.725, 1455.725, 2088.725, 1467.725, 2131.725, 2265.725, 
2301.725, 1087.725, 2286.725, 1495.725, 3205.725, 1352.725, 1516.725, 
1575.725, 1197.725, 1575.725, 1566.725, 2531.725, 3485.725, 1323.725, 
2117.725, 2005.725, 1947.725, 3316.725, 1556.725, 2956.725, 1095.725, 
2301.725, 1139.725, 2610.725, 1277.725, 1435.725, 2610.725, 995.725, 
963.725, 1776.725, 2623.725, 2764.725, 1827.725, 2583.725, 2559.725, 
1341.725, 867.725, 2527.725, 2717.725, 1533.725, 2559.725, 1713.725, 
1841.725, 2141.725, 1830.725, 2335.725, 1197.725, 1707.725, 1359.725, 
837.725, 1866.725, 1935.725, 1747.725, 2041.725, 3451.725, 1666.725, 
1505.725, 2455.725, 879.725, 3080.725, 1711.725, 867.725, 1325.725, 
1139.725, 1287.725, 1623.725, 1151.725, 795.725, 1236.725, 2239.725, 
1099.725, 1845.725, 1841.725, 1829.725, 2305.725, 2790.725, 3066.725, 
3459.725, 1635.725, 2465.725, 1153.725, 1305.725, 3147.725, 915.725, 
1199.725, 2459.725, 1299.725, 1775.725, 1739.725, 2282.725, 777.725, 
2205.725, 819.725, 2976.725, 2065.725, 1079.725, 2075.725, 941.725, 
1054.725, 1435.725, 1447.725, 1628.725, 2719.725, 1435.725, 1225.725, 
927.725, 2956.725, 931.725, 627.725, 1247.725, 1257.725, 1740.725, 
2667.725, 1702.725, 1473.725, 3076.725, 1627.725, 1519.725, 2915.725, 
3937.725, 1675.725, 1663.725, 1429.725, 1571.725, 1685.725, 2455.725, 
1263.725, 3310.725, 1994.725), DistanceC = c(2.17709463462234, 
6.28766955249012, 21.6861445140094, 13.5251942276955, 13.708450615406, 
11.5542018841952, 22.1898089684546, 16.9199290387332, 24.69851071015, 
13.7672271188349, 23.8074898328632, 6.79571903310716, 13.9713250137866, 
10.3887511715293, 6.62508532218635, 13.1225895024836, 17.4959552455693, 
24.5954464878887, 20.6280935127288, 13.3205893393606, 16.9906297102571, 
8.47936213947833, 11.8815439138561, 22.5888027083129, 5.88774064928293, 
16.4225904960185, 14.2431303802878, 23.8502781912684, 14.5911823660135, 
24.239346338436, 20.7022043112665, 4.76026742346585, 12.3984626997262, 
11.306074405089, 5.80043442174792, 16.4481706563383, 12.8164675738662, 
22.2742455229163, 1.25351321510971, 13.7286626473069, 16.4091875534505, 
6.25814180076122, 2.51354649104178, 22.6316120829433, 18.0865245684981, 
6.25701459124684, 18.6303411219269, 15.7675971612334, 4.06418398208916, 
2.80975000187755, 8.70441224426031, 17.8577796816826, 8.82425166666508, 
6.54389432445168, 13.3130976390094, 7.33931517601013, 13.8422160949558, 
6.18764859251678, 13.8388068675995, 12.6687868777663, 19.0023936368525, 
9.01314858905971, 16.7057604324073, 13.5380447302014, 4.07877828925848, 
18.5039066001773, 5.76413449458778, 4.3849631883204, 24.388884363696, 
7.52130180038512, 7.05293794907629, 20.4463080428541, 20.5100280083716, 
23.7577833812684, 20.5723620541394, 11.6112792640924, 1.69790357723832, 
5.31218070536852, 9.30251220986247, 24.0236109644175, 2.03623601980507, 
1.12144852429628, 20.6873141843826, 5.66856962256134, 11.6937677804381, 
16.6909396797419, 20.2688860911876, 8.92846887558699, 14.6879917494953, 
1.06280998140574, 11.6632360052317, 20.1895257402211, 12.3391864337027, 
7.89496153965592, 21.0459043513983, 4.18091159500182, 7.71764743514359, 
11.2599072791636, 2.39252126403153, 10.6931782122701, 2.8912058621645, 
5.79418209195137, 16.0801247861236, 7.35451039299369, 1.76242421008646, 
6.34797811694443, 6.6206643935293, 13.3171916790307, 14.17266741395, 
1.59956128895283, 11.1134967319667, 11.233222367242, 10.4202056154609, 
19.5296100992709, 9.03958074748516, 8.5548108574003, 22.0757929179817, 
20.7708869110793, 16.1596165709198, 8.10112873651087, 3.9493222925812, 
12.0592596679926, 19.4784201849252, 21.5560793653131, 17.0577032864094, 
18.8307853844017, 19.5306015945971, 12.0042910743505, 8.78354589827359, 
14.0686821043491, 5.24752691760659, 6.64748313091695, 2.23895736597478, 
11.5769143551588, 23.8812184780836, 13.6655626129359, 3.34033801779151, 
18.9341889619827, 19.7832314744592, 3.24622522108257, 10.8807190600783, 
13.9714351184666, 11.8228712510318, 1.52572982572019, 20.537252144888, 
11.9266928452998, 24.7103551048785, 16.6408297792077, 19.6334634721279, 
13.7910274490714, 19.3270474169403, 4.67801760695875, 22.3255789577961, 
15.3325606454164, 14.6331737730652, 20.1187180932611, 10.6106114201248, 
22.5220898780972, 6.8390424028039, 16.9911678731441, 2.287632368505, 
20.4700540248305, 5.96467603184283, 8.50304538570344, 15.7234839424491, 
22.5212536044419, 18.7790753562003, 5.76330488733947, 6.30620985291898, 
11.6761689465493, 5.76776692084968, 24.6285935398191, 13.167733265087, 
10.7531460803002, 20.3245750144124, 19.974084213376, 24.7648608554155, 
21.6829570829868, 21.4305109735578, 18.9610040336847, 18.678978741169, 
16.2054353393614, 18.6922721657902, 15.1113807391375, 6.74070726148784, 
6.58762736804783, 2.42769177444279, 22.1752039827406, 18.5222021322697, 
12.301865004003, 9.71015637554228, 15.9329644609243, 13.9225887898356, 
7.53456962667406, 21.6750626042485, 9.04199028760195, 12.034743886441, 
12.808532839641, 21.6773186996579, 14.6957433950156),